Comp.1	Comp.2	Comp.3	Comp.4	Comp.5	Comp.6	Comp.7	Comp.8	Comp.9	Comp.10	Comp.11	Comp.12	Comp.13	Comp.14	Comp.15	Comp.16	Comp.17	Comp.18	Comp.19	Comp.20	Comp.21	Comp.22	Comp.23	Comp.24	Comp.25	Comp.26	Comp.27	Comp.28	Comp.29	Comp.30	Comp.31	Comp.32	Comp.33	Comp.34
treat_12h_rep1	0.0831668660582675	-0.050404457116309	-0.448684546445536	0.134645007971548	-0.158290205540479	-0.114529051078587	0.0623926860839575	0.108471103833701	0.00826727352788638	0.136622492115504	-0.116573904742361	0.0476211028653557	0.0478591152804654	-0.0480584786771925	-0.149141100199566	0.047325963883362	0.26088361441018	0.180641214648624	-0.100528271208141	0.246192568034348	-0.0364315626544638	0.0135871104778572	-0.108071533667961	-0.00278144876922029	-0.196038668752796	0.636266803378108	-0.0106230743674151	0.00950494400967828	-0.0152979225548748	0.00272578783574752	0.0247310207639022	0.004329199172707	0.00323121579509738	-0.156940985611492
treat_12h_rep2	-0.026545329767881	-0.15972473164451	-0.357233100529905	-0.0804041188834599	-0.249193167218029	0.131282407450712	0.0858181458025365	-0.0602420098566162	0.0253014862435554	0.107411390226146	-0.0566294808695703	0.0373320281700284	-0.0774740997125717	0.0432172004761149	0.229928178649851	0.0302739121348706	-0.168521457319005	-0.0403980656311918	0.221353260122392	-0.746483201264624	-0.00342977195996965	0.0318370782937963	-0.0179955945080593	-0.00989600668606491	-0.0123936106067643	0.104013030917167	0.016176936076461	0.00481846150792434	-0.00813169129998435	0.0100567119824968	-0.00659104261613236	0.00197373437186615	-0.00376873989391138	-0.147466654791187
control_12h_rep1	-0.0198625848983287	-0.195933321194013	-0.402500805522315	0.118930749894199	-0.104886705013185	-0.187615726636099	0.0381319104749541	0.109225960051406	0.00979646684806824	0.16659180358483	-0.116319588219781	0.0151811792507202	0.0288407235023963	-0.0186741616716084	-0.195255430947637	-0.030190981805092	0.252494167630826	0.238180255365043	-0.0497565970129199	0.0373916569476733	0.0398793459836444	-0.0331175306765697	0.117114528400814	-0.00385430992835501	0.196939496384698	-0.659030928070881	0.0087134855411917	-0.0109516711549062	0.0311065517314243	-0.00543903268457809	-0.0203681756542243	-0.00271314518664845	-0.000904746698088624	-0.16779427436081
control_12h_rep2	-0.0532319074896083	0.0909050032495355	-0.370229049801606	0.0711271232206238	-0.116164218477543	0.215368427499433	0.0399756203480372	-0.0815179039658051	-0.0430561771082806	0.0727314168775611	-0.0569532439044469	-0.03387172092393	-0.112400395076421	0.0495457401883386	0.283079230142365	0.116769808905155	-0.247324142219315	-0.580971292242118	0.0106693696630759	0.460514751934837	0.00360463257334138	-0.0120344935317943	0.0158034273039886	0.0142455356166008	0.0323796083769543	-0.133613928715734	-0.0155051483986568	0.00122928063333434	-0.00909706900675699	-0.00448461842364083	0.00117246616690698	-0.00209834213808823	0.00194657454461362	-0.165862194166316
treat_1h_rep1	0.11373808159099	0.0200639732752324	0.176919663321414	-0.0366456515389746	-0.165831571587662	-0.0594173798796711	0.507258709352423	-0.296136535524695	-0.19143708637821	0.0402050991675772	8.36811791743164e-05	0.00641636171864822	-0.0986820512224815	0.018605773593957	-0.055595571176368	-0.0564743704525294	0.0602496262597403	0.0115012970990332	0.00890398986689651	0.0487794262676561	0.694753088733494	0.0870955748421732	0.0502254670889823	0.0227742876019567	0.0579613781489226	0.0482368081324139	-0.00351782283123992	0.0191904534389668	0.00846843268640459	3.39893545269044e-05	-0.0130610910085381	-0.00144512975558714	0.0118139128659613	-0.131635142541829
treat_1h_rep3	0.319754131002948	0.0760375273208087	0.0518052033510726	0.0900120805176519	0.0442688946610407	0.0351337674816988	-0.155344859201542	-0.0475356136950005	0.123918242544529	0.0374649722301623	-0.0452256036744761	0.021138712096502	-0.139873162551286	0.531355044491155	-0.0902399942819849	-0.0144802539200842	0.068393716450644	-0.0242713770985101	0.00324026840288274	-0.0378486457287169	-0.000473837099584702	0.0181636054213362	-0.0348674102855601	-0.0107793908727579	-0.098048408121648	-0.0587981356254467	0.00604403394282919	0.682054206943029	-0.109075017636967	0.0351612170548435	0.0454251760405186	0.000687449439547494	-0.00552031493981226	-0.142096962569634
treat_1h_rep5	0.201715593449681	0.180076826477379	0.0664092471884504	0.188886135708648	-0.225301716578032	-0.0674026519739976	-0.0835274608720121	-0.068459078723155	0.303285490860084	0.0433271753054681	0.290889818038987	-0.0743511069881292	0.0695842280787065	-0.293538871156085	-0.0775997043383602	-0.00990565231275582	0.0268695326560088	-0.129805965807123	0.0466381521646515	-0.0589239324055945	0.0521306922224967	0.0395954479048416	0.0800486322497415	-0.457813940696407	-0.452936642122963	-0.150573611914666	0.206834793329938	-0.0712336698714249	0.027660192529316	-0.0121500730137071	-0.00973828925619309	0.00570577021105416	0.00104088246902943	-0.1359072711135
control_1h_rep1	0.202394306864234	0.173008889335063	-0.0975629333995207	-0.0676409829193078	-0.0266227078207364	0.238797347377188	-0.0433418879612041	0.0210940528730737	-0.240803259129894	-0.378379796431716	-0.138136534283335	-0.152947137260168	0.222718651195283	-0.0803514295205872	-0.147486687007989	0.0759205688325818	-0.00641687962646933	0.0525271128353335	0.0761556016150324	-0.0593194809169134	0.0882201360483101	-0.695191439479897	0.0364174666209421	-0.0040102828325737	-0.0344797363883027	-0.0202270670577897	0.0262365371667076	0.0129275764920787	-0.017513235011272	-0.00585457683548138	0.0161555446870869	-0.0107893721020726	0.000921495247677327	-0.141556688188563
control_1h_rep3	0.176408068800323	-0.0823471351330832	0.153026918794984	-0.052483496103479	-0.0795055237028479	-0.403384999665694	0.0318061741120318	0.295062698141139	0.00778024702438596	-0.0652840663808838	-0.271911155776455	-0.138990489810576	0.0127317992094379	-0.0360022499395201	0.150913596478143	-0.00612054147297407	-0.167007683980407	-0.109681496734692	0.0140880073149471	0.0135818871887999	-0.0771071064396949	0.00258429599318778	0.551238081165346	-0.266873409825741	0.271727984690056	0.183473514313227	-0.0345877415475688	0.072548645088246	-0.0472657278415583	0.0122177425571509	-0.0290806521921182	-0.00775014407877924	0.000501984848108633	-0.135561179030581
control_1h_rep5	-0.105179086582876	0.306534773340772	0.0517022617255243	0.0716075733394698	-0.0250291783786252	0.0133618173148099	0.0440987510380163	0.387547816734801	-0.22555413100115	0.0211463876097855	0.168956563537392	0.303414166491293	-0.142800609067577	0.00923651236741708	0.00741575905753831	-0.0428742899047076	0.0274180363759547	-0.010712152312434	0.0129076917661198	-0.0446014550463887	-0.0123177687581453	0.00754195100222849	-0.0739823324234039	0.0434306529382362	0.229103870770886	0.0436781148918765	0.662601469304702	0.0305908520799078	-0.01727460423916	-0.0495753030728268	-0.0173403960236423	-0.0079174941946474	0.000245346274474904	-0.178460465736552
treat_4h_rep1	-0.250716727579231	-0.0102285532509021	0.112357216031264	0.246221420461871	-0.0405887628029989	-0.0653910033918932	-0.130052281926237	-0.22802778540733	0.0964334667237789	-0.270705641849921	-0.297608572501377	0.245389724918873	-0.0942817009055531	-0.0758666904894342	0.00977363605700685	0.0236005773930573	0.0681004916820379	-0.0187515182110873	0.0109684133328905	-0.017303319195547	-0.00112959891041657	-0.00603112985568148	-0.00504721964854765	0.01730143728247	-0.0075333783416708	0.0139656056429168	0.0571179905087145	-0.0186383582069896	0.0700308669707565	0.69910589081503	-0.0629523223319631	-0.0028312634555802	-0.0151155832832511	-0.186554149950238
control_4h_rep1	-0.108614447348885	-0.167322814164696	0.157595075179249	0.156280010386502	0.0543961194071982	0.351948323665232	0.209486408938317	0.253303234137555	0.229716784094504	-0.00853253537365118	-0.0588464330520898	-0.255902060199785	-0.152547232785864	-0.0353857638107506	-0.0500358293277184	0.0361550915087319	0.0545178261484796	0.0322170482165958	-0.0245148832758472	0.0134026804335358	0.0170701296382181	-0.0439854414741158	-0.40363680944783	-0.456301312831621	0.3267780380797	0.0459080531773198	-0.12554235642812	0.0230788001320255	-0.0039927493616221	0.0194072280726747	0.00179231021929176	-0.00857467561183076	0.00286514471795439	-0.148777801924716
control_4h_rep3	-0.0725663191266176	-0.266349941940069	0.174839568815712	0.161726821575332	-0.138313362479347	0.0229335064101155	-0.276521741818572	-0.0498455387136343	-0.391322836113773	0.14200298413182	0.140994157877533	-0.179570589084017	0.051895932942848	0.0268984174537414	0.0413314287425793	0.0481195843672906	0.0764779311775549	-0.0597016351560352	-0.0277687098869682	-0.0117278322765378	-0.017235287650589	-0.012631812020968	0.0146591623085188	-0.00626317604618593	0.00812849486423709	0.0667193166577565	0.0012816711396511	0.122316312508464	0.690122400259164	-0.0639321026071729	0.0225780860046058	0.0117740264453805	0.00806026727890913	-0.154969526076872
treat_24h_rep1	0.021465826997963	-0.3394738507315	-0.0477751501356676	-0.236151491703131	-0.0344846145493406	-0.0531472898669587	0.02734594793464	0.0519444948426671	0.0969954252525581	-0.352423127251062	0.333246389257682	0.16812265695398	-0.032387448960752	0.0766244775740994	-0.0179376258112069	0.0751349175302449	0.05013468562304	-0.0618082126311288	0.00515419595034088	0.0915429188475362	-0.0071096731653405	-0.0192501537997005	-0.0292882398551693	0.0112545143691389	-0.0270121400754593	0.0196409042767428	-0.0187828470579982	0.04673212444077	0.0137941946131419	-0.0613350817860761	-0.699691076379047	-0.00686210247235903	0.00266715066115342	-0.139995961302688
treat_24h_rep3	0.0115211915966846	-0.224502256318589	0.0824821463622141	0.0365599054046413	0.0964066488897877	0.0813151559220566	0.0361945022959552	0.0160328973558384	-0.0136911484319528	0.238755236944928	-0.0724839142611601	0.321892504137009	0.275782127562475	-0.0232666152172423	-0.580804429483354	-0.00261793503601397	-0.541098948107534	-0.143261082156126	-0.0688734748031701	-0.0193921923743849	-0.00956209366311897	0.00498213125742842	-0.00751171474891753	-0.00826914144282898	-0.0125803072264537	0.0313877161082135	-0.00883133992363135	-0.00672696413789912	-0.0172581363105172	0.00385777698564476	0.00514501436793092	-0.00434467500310246	-0.00182416601263142	-0.153473211793187
control_24h_rep1	-0.217652292273022	0.120561296719628	0.0889209068745456	-0.458561047063598	-0.126611704825865	0.0420045945967192	-0.125405889544211	-0.00673034730696713	0.110006575275397	0.154997018293419	-0.119983959774725	-0.0675455267819089	0.0527038409561601	0.0156454911890271	-0.113595264421708	-0.149722640569388	0.186063463518663	-0.119401091752752	-0.00316494970948363	0.0201388961826601	0.0130967023406314	-0.00598462335784164	-0.00282363368756583	0.00156811935003594	-0.00947707420808893	0.0174585176251615	-0.00663025948283938	-0.00196674564118981	0.0103131949585578	-0.0171952651759359	-0.0011334910654241	-0.0119586126225301	-0.707292716355608	-0.205309006699252
control_24h_rep3	0.308327865766303	-0.096194561078691	0.0645635959037667	-0.154290155281638	0.157892095587419	0.179655111115434	-0.128498968768793	-0.0544623276164484	-0.0127423489591003	0.161495507084546	-0.0901359698121499	0.216582082772795	-0.1478081556148	-0.28316673094243	0.218346848264696	-0.00177761706426701	0.00626154671346833	0.162854590954404	-0.0608203851371208	0.0716634705594476	0.00629648586612651	-0.0180168887678159	0.00141005222061642	-0.00506609057129207	0.0167586217511193	-0.027129222895056	0.000765130591702058	0.00404516789689672	-0.00567083437941848	-0.000338352754182902	-0.0109645465124458	0.704570045952453	-0.0102486296107043	-0.162911726822115
treat_1h_rep2	0.112418770418976	0.0135482707149345	0.177912665543769	-0.0359641561377278	-0.169848522486061	-0.0480157233340349	0.511053441595293	-0.292838071320444	-0.18689083006056	0.0337358323099989	0.00504666913274444	0.0211091427034782	-0.0909558868823463	0.0235642903607431	-0.0402315648177043	-0.0675178634354272	0.0815928587949574	0.00803893831084583	-0.00894066080701084	0.0324390169869796	-0.692956343807351	-0.0884851850886457	-0.0476047718015231	-0.0143814002352842	-0.0503363688714277	-0.0767410624361865	0.00472345938535228	-0.0159236802825944	-0.00937412243950317	-0.00449358487197119	0.0176753956981173	0.000551308172107905	-0.0111968890686135	-0.130442002683468
treat_1h_rep4	0.322381857284456	0.0766342673547769	0.0532109101139782	0.0847009647494235	0.0340378335014096	0.0352949591027055	-0.157072581963148	-0.0523205036661647	0.121324885774541	0.0400195458460149	-0.0418609602520186	0.0205483520369663	-0.146874774487303	0.519622221527984	-0.0892644990795341	0.00263942973878919	0.0727780169526994	-0.0358166643526377	0.0076011176156584	-0.0367900438832235	0.00378161361333911	-0.0228576855376943	0.036459358610806	0.00768127301715344	0.103318491241423	0.0468616578916652	4.60507659761148e-05	-0.689312458743591	0.11015669191443	-0.0304916585991723	-0.0388973281534554	0.00333181381213303	0.00618331395134824	-0.140579906507234
treat_1h_rep6	0.20601854088348	0.180293591456321	0.0609942158809484	0.187307200977908	-0.226065447030955	-0.0661981648660511	-0.0927967214636086	-0.0695160967125356	0.295226705238798	0.0353560454239878	0.287897987133565	-0.0711094046427724	0.0791252955179239	-0.29024886396418	-0.0889694054314486	-0.0149407031014642	0.0259534808865634	-0.112511986407158	0.0412531305093382	-0.0654085483868708	-0.0518996219407732	-0.0347038444991663	-0.0642560167345974	0.466664314701993	0.468251711652889	0.0900444493811829	-0.21049663163383	0.0805586545704386	-0.0246535173532599	0.0119223174816094	0.00344031288182699	-0.00175434408611692	-0.00354195189849956	-0.13513540441045
control_1h_rep2	0.205022048482923	0.171593581525688	-0.0987657212102298	-0.064934711985616	-0.0221916443244124	0.250495689381497	-0.041321138016585	0.0244246807725111	-0.22759092266949	-0.37309950385245	-0.141443157840095	-0.152993162102503	0.224474151242589	-0.0754664633464159	-0.143640710847279	0.0476880693678932	0.00225227759691897	0.0707726764554705	0.0625332335503476	-0.0111375607947074	-0.0881839400773509	0.699464942434607	-0.0141733503630418	-0.00996249016344228	0.0554355317266538	-0.0662250793460769	-0.0176834965998428	-0.0140124427103886	0.0257683169045039	0.00701329170077836	-0.0252030699546987	0.0079192345327076	-0.00946781933615396	-0.140558098536797
control_1h_rep4	0.176435127741669	-0.0876703455990488	0.148280556460326	-0.0521354429029099	-0.0848956822206465	-0.401831549748934	0.0322878387024849	0.301245053767588	0.00637518283983383	-0.0705122135220764	-0.262671889156006	-0.144880565610856	0.0245682638153015	-0.0300273392780847	0.146116517139371	-0.00163861108145089	-0.169128196763228	-0.0973028659149258	0.0141570582293038	-0.00664051972051225	0.0648386846805332	0.00551681061789045	-0.559985310615896	0.269215780700335	-0.276262875300961	-0.160025752070335	0.0309804588188228	-0.0736068724232286	0.0411181157857602	-0.0111079230231995	0.0336489767764788	0.010519479294219	0.00302778468106508	-0.134794883400374
control_1h_rep6	-0.103542736459937	0.302723863034391	0.0509442798713078	0.0714284509178297	-0.0286038323573692	0.0159862765206151	0.0476560947829846	0.390738181601321	-0.229016667754188	0.0144842135613441	0.175414976422097	0.302347967078645	-0.147668419436825	0.0177380275984239	0.018454976010167	-0.0472065056851261	0.0285975315109258	0.00903319071912798	0.0270067660030866	-0.0763247026250592	0.0199402529541652	-0.00194142566468716	0.0747147025685308	-0.0465526658076193	-0.212262387403875	-0.0748912863524384	-0.656348272590301	-0.032469140486722	0.0172530740772826	0.0597496256193939	0.0138127826427257	0.000263987632099468	0.00458110439011696	-0.179415586326735
treat_4h_rep2	-0.249045600455711	-0.0069953187873916	0.108805254727427	0.247374849309446	-0.0443591555055383	-0.0665812707445791	-0.136640374302264	-0.223777680812958	0.0896308162304657	-0.274233569467966	-0.297062557192178	0.252151423381568	-0.0966680071590603	-0.0730988738168451	0.00763080522177796	0.0186818211668515	0.0690047579510946	-0.0215384672911069	0.00144954768526431	-0.0399186848313607	0.0047535065021905	0.013187497548013	-0.00752702738192396	-0.0155551493900181	-0.00504504374536427	0.0137050175596483	-0.0593624949007226	0.0177452934871018	-0.0726016039137223	-0.696017777060593	0.0596060113968353	0.000470683489117834	0.0165884196467903	-0.186221919320866
control_4h_rep2	-0.109581188896974	-0.170086441403073	0.155020385729198	0.152591035523813	0.0518683955337092	0.352635583807692	0.206626535717366	0.260109552342414	0.225751174219912	-0.005330915972687	-0.0664580228885026	-0.246169317237148	-0.161637904560897	-0.0325114549199321	-0.0565369698062468	0.0431022044899611	0.0432994289840451	0.0420478913327759	-0.00557809529907497	0.00287612413503248	-0.0154307826684502	0.0327504651196563	0.399964733851141	0.46277050424546	-0.329536766879881	-0.0106775080371855	0.12487318830621	-0.0224012086136838	0.00833500356957248	-0.0275028248047725	-0.00279450065915009	0.00971647120326999	0.00300280007071056	-0.145758255664839
control_4h_rep4	-0.0686221132505773	-0.267924640429729	0.173450459938366	0.156807436312883	-0.141492670171193	0.0220941406415943	-0.281010305529048	-0.0466261859367802	-0.387254523671753	0.137428593634333	0.144742883074024	-0.188511076876095	0.0424255321330975	0.0208121974454412	0.0407887537126878	0.0488772387416223	0.0995402310797656	-0.0328461275060991	-0.014156208546041	-0.0039351553987841	0.0113006173972689	0.0253039188857482	-0.0219940304124428	0.00595823091332084	-0.0303922290719806	0.00449318933045744	0.00029057552314319	-0.115393113877855	-0.692748357217541	0.066637017779271	-0.0263151230098753	-0.00772932165444127	-0.0118051356090398	-0.153548385718037
treat_24h_rep2	0.0215444454244469	-0.341319368482583	-0.0446083498730387	-0.236034837793044	-0.0335435142671288	-0.0460039799552251	0.0222090417716858	0.0522228048511169	0.0946589049999863	-0.351790471741421	0.331860014491333	0.169495556724609	-0.0320739379099232	0.0631656181465566	-0.0129546245202076	0.0854410872375628	0.0599937582402966	-0.0626406857892682	0.0183512008007686	0.0802029507191869	0.0152934761629835	0.0228620961229578	0.0322616208096734	-0.0116095982456655	0.0252926380803111	-0.00128030031390945	0.0214363737843434	-0.0411407220391444	-0.00979220744996621	0.0596702601078886	0.701981059650077	0.00520253901625382	-0.00483758283559125	-0.138949641288975
control_24h_rep2	-0.217072234538023	0.117758806206652	0.0864294846482234	-0.459071226285125	-0.129672421361007	0.0446112175271612	-0.128056548773713	-0.0113257739978471	0.107056316747087	0.149841266151966	-0.1170058793305	-0.0695820884809831	0.0641520320649718	0.0176240586077407	-0.116496254131849	-0.158362924549666	0.186239909647794	-0.120516644833749	0.00503260139607336	0.0155473185341629	-0.0108666767367698	0.00153390761623404	-0.00384328967225367	0.0033386806405295	-0.00587102481632235	0.0123447440349213	-0.00111220533561624	0.0048952764283757	-0.00859895231570483	0.0170431515739943	0.00317208466002415	0.0152957621818173	0.705696881510597	-0.203693086509285
control_24h_rep4	0.310406239810291	-0.0987335594572067	0.0658850521544103	-0.153743003396419	0.151241153989274	0.177664969965112	-0.131303588884097	-0.0557425931979279	-0.00774782004468881	0.164709531013307	-0.0907205652383936	0.209027669458104	-0.145302478925383	-0.279198065065566	0.220657416797588	-0.00219440140367717	0.0112159893185702	0.163530799315964	-0.0554435547297571	0.070822797841534	0.00305344644692416	0.00178682285430904	-0.00181872442995888	0.0078650511890726	-0.00589176829955851	-0.0269094935317837	-0.000980336046120148	0.000378397990264333	0.015156010521832	-0.00410648224778159	0.00245092254003414	-0.708673794887614	0.0171724893675001	-0.160320803665641
treat_1h_rep7	-0.177110460812832	0.143497376949773	0.0116770482614283	-0.0523293853797349	-0.320793276778028	0.0290072500285134	-0.0672227490143981	-0.0864211918269434	0.119759522695133	-0.0496936800971308	0.132233781797555	-0.105033962018154	0.0422006516976731	0.181487986467317	0.190483452182484	-0.0184901146745322	-0.484021782477589	0.568757556966012	-0.300025846996439	0.15792289165212	-0.000789938332173549	-0.0136865668371177	0.00899067142469285	-0.00568046634967815	0.00537303245111243	-0.0187106439377911	0.00622359355151277	-0.00647877816017417	0.00193004209832551	-0.00206471399290065	0.00874940030660007	-0.000346738141536521	0.00156838008177894	-0.197961743832757
control_1h_rep7	-0.113185817422407	0.0181298989452949	-0.134953008665771	0.0442929485939138	0.425524900381782	-0.176295533786904	-0.0267939434601892	-0.13509947330187	-0.031842491831316	-0.00167910278261905	0.1517644468509	-0.220418566020271	-0.128619418591035	-0.0335279135032756	-0.0445096037542789	-0.365933679414463	-0.176647959984072	0.158291465789104	0.577622485908621	0.127525855570847	-0.0181297335536967	-0.00504162792726706	-0.0165781171063652	-0.00158486096845555	-0.0164945506590449	0.0639275775240249	0.00300621912737487	-0.00410536852964787	0.00473510671254718	-0.0075415842789034	0.00398556374978597	0.000163862334254016	-0.00354205874187899	-0.313177892947236
treat_4h_rep3	-0.120316346572476	0.165184997111053	0.0762639183011974	-0.104601763987953	0.215517946729089	-0.151710101663555	0.0706780170517311	-0.0740085218970647	0.0528810443563428	0.178100254018438	0.0364838364227741	-0.0384806791288994	0.10707588792031	0.0308989453261957	0.00966066964105147	0.847239090798824	0.042151598950878	0.105657153555302	0.200083352572011	-0.00871708875113293	-0.0130166178144088	0.0148302947313666	-0.000515711374933413	-0.00162653380498446	0.009997080669691	-0.0186009484743239	-0.0042494441956592	0.00916273483494296	0.00161888669560363	-0.00634126959392361	-0.00658261837358376	0.000223471999363342	0.00491951931557366	-0.199469514331986
treat_4h_rep4	-0.0187016467167334	-0.0416531179386036	0.0826890199457806	0.160728558084424	0.158256552179978	0.093225830177756	0.180829791564461	0.0340132459891521	0.127439912886901	0.0645500553953758	0.0268200790302173	0.174367726411423	0.730290502781618	0.179785552158759	0.420272826707965	-0.194361716448694	0.181114801572031	-0.0132174566584035	0.044266692264578	0.0166112307881113	0.0169940539144686	-0.00862018704715879	0.0100362050021967	0.00561794703919085	0.00207649297120036	-0.00508723895384082	0.00346457550322538	-0.00864835894433062	-0.00409225414537725	-0.00319194974254984	-0.00106333489269922	0.00128668473556163	-0.00474545682967824	-0.173753844111024
control_4h_rep5	-0.0510291505919233	0.0968363450915593	-0.159676616751125	0.00188838304032132	0.463355152752212	-0.160341366291021	0.063251401783493	-0.1162118612399	-0.0493980249970386	-0.0703971821556141	0.121627119083778	-0.206540994651129	-0.0425531565848096	-0.0601331270545128	0.00952517879704186	-0.0528663457354089	0.0203356409738476	-0.178837934910384	-0.666258503322409	-0.27064760269233	0.00483188648555958	0.008473600825585	0.00399663550354723	0.00748366344298756	-0.0142392406463131	0.0276574967306132	-0.00058314531178499	-0.00613339669528207	-0.00958984394777398	0.00889687584461194	0.00467402288930123	-0.00441601221039989	0.00327600408098413	-0.283728074330257
