Comp.1	Comp.2	Comp.3	Comp.4	Comp.5	Comp.6	Comp.7	Comp.8	Comp.9	Comp.10	Comp.11	Comp.12	Comp.13	Comp.14	Comp.15	Comp.16	Comp.17	Comp.18	Comp.19	Comp.20	Comp.21	Comp.22	Comp.23	Comp.24	Comp.25	Comp.26	Comp.27	Comp.28	Comp.29	Comp.30	Comp.31	Comp.32	Comp.33	Comp.34
control_1h_rep1	-0.202394306864235	0.173008889335064	-0.0975629333995208	0.0676409829193077	0.0266227078207375	-0.238797347377188	-0.0433418879612045	-0.0210940528730712	-0.240803259129922	0.378379796431704	-0.138136534283324	0.152947137260162	-0.222718651195281	-0.0803514295205833	0.147486687007994	-0.0759205688325803	0.00641687962646905	0.0525271128353334	-0.0761556016150334	-0.0593194809169128	0.0882201360483175	0.695191439479898	0.0364174666209402	-0.00401028283258447	-0.0344797363882941	0.0202270670577842	-0.0262365371667067	-0.0129275764920757	-0.0175132350112736	-0.00585457683548235	0.0161555446870869	0.0107893721020733	-0.000921495247677407	0.141556688188562
control_1h_rep2	-0.205022048482924	0.171593581525689	-0.09876572121023	0.0649347119856161	0.0221916443244136	-0.250495689381497	-0.0413211380165857	-0.024424680772509	-0.227590922669518	0.37309950385244	-0.141443157840084	0.152993162102498	-0.224474151242588	-0.0754664633464123	0.143640710847283	-0.0476880693678924	-0.00225227759691793	0.0707726764554701	-0.0625332335503471	-0.0111375607947071	-0.0881839400773576	-0.699464942434607	-0.0141733503630456	-0.00996249016343359	0.0554355317266334	0.0662250793460851	0.0176834965998432	0.0140124427103849	0.0257683169045058	0.00701329170077915	-0.0252030699546985	-0.00791923453270782	0.00946781933615455	0.140558098536798
control_1h_rep3	-0.176408068800323	-0.0823471351330839	0.153026918794985	0.0524834961034801	0.0795055237028449	0.403384999665693	0.031806174112032	-0.295062698141139	0.00778024702438607	0.0652840663808945	-0.271911155776455	0.138990489810571	-0.0127317992094405	-0.0360022499395209	-0.150913596478141	0.00612054147297106	0.167007683980406	-0.109681496734692	-0.0140880073149498	0.0135818871887973	-0.0771071064396845	-0.00258429599319424	0.55123808116533	-0.266873409825758	0.27172798469011	-0.183473514313183	0.0345877415475651	-0.0725486450882379	-0.0472657278415496	0.0122177425571444	-0.0290806521921171	0.0077501440787786	-0.000501984848108303	0.135561179030582
control_1h_rep4	-0.176435127741669	-0.0876703455990494	0.148280556460327	0.0521354429029117	0.0848956822206436	0.401831549748934	0.0322878387024845	-0.301245053767589	0.00637518283983428	0.0705122135220875	-0.262671889156006	0.14488056561085	-0.0245682638153037	-0.0300273392780879	-0.146116517139372	0.00163861108144906	0.169128196763229	-0.0973028659149257	-0.0141570582293034	-0.00664051972051029	0.0648386846805203	-0.00551681061788249	-0.559985310615876	0.269215780700353	-0.276262875301013	0.16002575207029	-0.030980458818819	0.0736068724232207	0.0411181157857511	-0.0111079230231932	0.0336489767764768	-0.0105194792942179	-0.00302778468106498	0.134794883400373
control_1h_rep5	0.105179086582876	0.306534773340772	0.0517022617255248	-0.0716075733394696	0.0250291783786266	-0.0133618173148108	0.0440987510380145	-0.387547816734802	-0.22555413100115	-0.0211463876098061	0.168956563537391	-0.303414166491291	0.142800609067578	0.00923651236741803	-0.00741575905754072	0.0428742899047074	-0.0274180363759547	-0.0107121523124329	-0.0129076917661209	-0.0446014550463888	-0.0123177687581474	-0.0075419510022303	-0.073982332423409	0.0434306529382596	0.229103870770894	-0.043678114891839	-0.662601469304702	-0.0305908520799133	-0.0172746042391606	-0.0495753030728115	-0.0173403960236417	0.00791749419464905	-0.000245346274472886	0.178460465736552
control_1h_rep6	0.103542736459937	0.302723863034391	0.050944279871308	-0.0714284509178294	0.0286038323573706	-0.0159862765206165	0.0476560947829826	-0.390738181601322	-0.229016667754187	-0.014484213561366	0.175414976422097	-0.302347967078642	0.147668419436827	0.0177380275984233	-0.01845497601017	0.0472065056851252	-0.0285975315109266	0.00903319071912844	-0.0270067660030877	-0.0763247026250573	0.0199402529541677	0.00194142566468916	0.0747147025685342	-0.0465526658076424	-0.212262387403888	0.0748912863524032	0.656348272590302	0.0324691404867271	0.0172530740772836	0.0597496256193785	0.0138127826427253	-0.000263987632099834	-0.00458110439011769	0.179415586326735
control_1h_rep7	0.113185817422407	0.0181298989452953	-0.134953008665772	-0.0442929485939186	-0.425524900381782	0.176295533786904	-0.026793943460188	0.135099473301869	-0.0318424918313173	0.00167910278261148	0.151764446850893	0.220418566020274	0.128619418591035	-0.0335279135032813	0.0445096037542699	0.365933679414464	0.176647959984072	0.158291465789108	-0.577622485908618	0.127525855570849	-0.018129733553696	0.00504162792726708	-0.0165781171063644	-0.0015848609684554	-0.0164945506590372	-0.0639275775240283	-0.00300621912737624	0.00410536852964834	0.00473510671254956	-0.00754158427890244	0.0039855637497856	-0.000163862334254422	0.00354205874187974	0.313177892947236
control_4h_rep1	0.108614447348884	-0.167322814164696	0.157595075179248	-0.156280010386503	-0.0543961194071938	-0.351948323665233	0.209486408938316	-0.253303234137554	0.229716784094505	0.00853253537367238	-0.0588464330520904	0.255902060199785	0.152547232785862	-0.0353857638107499	0.0500358293277188	-0.0361550915087306	-0.0545178261484791	0.0322170482165939	0.0245148832758496	0.0134026804335371	0.0170701296382212	0.0439854414741065	-0.403636809447867	-0.456301312831571	0.326778038079728	-0.0459080531772981	0.125542356428123	-0.0230788001320215	-0.00399274936162752	0.0194072280726689	0.00179231021929053	0.00857467561183014	-0.00286514471795518	0.148777801924717
control_4h_rep2	0.109581188896974	-0.170086441403074	0.155020385729197	-0.152591035523814	-0.0518683955337053	-0.352635583807694	0.206626535717366	-0.260109552342413	0.225751174219914	0.00533091597270833	-0.0664580228885026	0.246169317237146	0.161637904560896	-0.0325114549199325	0.0565369698062471	-0.0431022044899598	-0.043299428984044	0.0420478913327761	0.00557809529907514	0.00287612413503268	-0.0154307826684538	-0.0327504651196463	0.399964733851179	0.462770504245412	-0.329536766879905	0.0106775080371644	-0.124873188306214	0.0224012086136792	0.00833500356957747	-0.0275028248047663	-0.0027945006591507	-0.00971647120326985	-0.00300280007070958	0.145758255664839
control_4h_rep3	0.0725663191266174	-0.26634994194007	0.174839568815711	-0.161726821575331	0.138313362479349	-0.0229335064101149	-0.276521741818572	0.049845538713633	-0.391322836113763	-0.142002984131853	0.140994157877511	0.17957058908402	-0.0518959329428484	0.0268984174537413	-0.0413314287425782	-0.0481195843672919	-0.076477931177554	-0.0597016351560351	0.0277687098869687	-0.0117278322765395	-0.0172352876505873	0.0126318120209702	0.014659162308508	-0.00626317604618401	0.00812849486424392	-0.0667193166577514	-0.00128167113965332	-0.122316312508487	0.690122400259161	-0.063932102607176	0.0225780860046005	-0.0117740264453769	-0.00806026727891024	0.154969526076872
control_4h_rep4	0.0686221132505771	-0.267924640429729	0.173450459938366	-0.156807436312882	0.141492670171195	-0.0220941406415938	-0.281010305529046	0.046626185936779	-0.387254523671745	-0.137428593634366	0.144742883074001	0.188511076876098	-0.0424255321330976	0.0208121974454434	-0.0407887537126862	-0.0488772387416228	-0.0995402310797655	-0.0328461275060987	0.0141562085460378	-0.00393515539878211	0.0113006173972687	-0.0253039188857491	-0.0219940304124302	0.00595823091332054	-0.0303922290719785	-0.00449318933046521	-0.000290575523142581	0.115393113877876	-0.692748357217538	0.0666370177792748	-0.0263151230098698	0.00772932165443786	0.0118051356090403	0.153548385718037
control_4h_rep5	0.0510291505919234	0.0968363450915601	-0.159676616751126	-0.00188838304032607	-0.463355152752212	0.160341366291021	0.0632514017834938	0.116211861239898	-0.0493980249970472	0.070397182155606	0.121627119083777	0.20654099465113	0.0425531565848069	-0.0601331270545163	-0.00952517879704499	0.0528663457354076	-0.02033564097385	-0.178837934910384	0.666258503322407	-0.270647602692334	0.00483188648555926	-0.00847360082558414	0.00399663550354942	0.00748366344298835	-0.0142392406463099	-0.0276574967306155	0.00058314531178488	0.00613339669528085	-0.00958984394777646	0.00889687584461231	0.0046740228892998	0.00441601221040076	-0.00327600408098356	0.283728074330257
control_24h_rep1	0.217652292273022	0.120561296719627	0.0889209068745464	0.458561047063599	0.126611704825858	-0.04200459459672	-0.125405889544211	0.0067303473069683	0.11000657527541	-0.154997018293408	-0.119983959774732	0.0675455267819073	-0.0527038409561596	0.0156454911890264	0.113595264421703	0.149722640569389	-0.186063463518665	-0.119401091752752	0.00316494970948272	0.0201388961826602	0.0130967023406323	0.0059846233578421	-0.00282363368756577	0.00156811935003548	-0.0094770742080873	-0.0174585176251621	0.0066302594828401	0.00196674564118689	0.0103131949585576	-0.0171952651759373	-0.00113349106542252	0.0119586126225098	0.707292716355608	0.205309006699252
control_24h_rep2	0.217072234538023	0.117758806206652	0.0864294846482243	0.459071226285127	0.129672421361	-0.0446112175271617	-0.128056548773713	0.0113257739978476	0.107056316747101	-0.149841266151954	-0.117005879330507	0.0695820884809817	-0.0641520320649708	0.017624058607737	0.116496254131843	0.158362924549669	-0.186239909647796	-0.120516644833749	-0.00503260139607451	0.0155473185341609	-0.0108666767367713	-0.00153390761623454	-0.00384328967225193	0.00333868064053105	-0.00587102481632035	-0.0123447440349215	0.00111220533561471	-0.00489527642837308	-0.0085989523157045	0.0170431515739962	0.00317208466002437	-0.0152957621817978	-0.705696881510598	0.203693086509286
control_24h_rep3	-0.308327865766303	-0.0961945610786904	0.0645635959037659	0.154290155281636	-0.157892095587422	-0.179655111115434	-0.128498968768794	0.0544623276164484	-0.0127423489590881	-0.161495507084544	-0.0901359698121534	-0.216582082772796	0.1478081556148	-0.283166730942432	-0.218346848264696	0.0017776170642563	-0.00626154671346615	0.162854590954404	0.0608203851371217	0.0716634705594495	0.00629648586612494	0.0180168887678163	0.0014100522206152	-0.00506609057129234	0.0167586217511165	0.0271292228950582	-0.000765130591703154	-0.00404516789689493	-0.00567083437941546	-0.000338352754183842	-0.0109645465124516	-0.704570045952452	0.0102486296106847	0.162911726822115
control_24h_rep4	-0.310406239810291	-0.0987335594572062	0.0658850521544095	0.153743003396416	-0.151241153989276	-0.177664969965112	-0.131303588884097	0.0557425931979293	-0.00774782004467507	-0.164709531013306	-0.0907205652383982	-0.209027669458104	0.145302478925383	-0.279198065065568	-0.220657416797587	0.00219440140366664	-0.0112159893185688	0.163530799315963	0.0554435547297572	0.0708227978415344	0.00305344644692528	-0.00178682285430949	-0.00181872442995808	0.00786505118907152	-0.00589176829956105	0.0269094935317828	0.000980336046121244	-0.000378397990266416	0.015156010521828	-0.00410648224778076	0.00245092254004068	0.708673794887614	-0.0171724893674791	0.160320803665641
treat_1h_rep1	-0.11373808159099	0.0200639732752323	0.176919663321414	0.0366456515389771	0.16583157158766	0.0594173798796713	0.507258709352425	0.296136535524692	-0.191437086378208	-0.0402050991675915	8.3681179167953e-05	-0.00641636171864891	0.098682051222482	0.0186057735939574	0.0555955711763649	0.0564743704525298	-0.0602496262597392	0.0115012970990328	-0.00890398986689494	0.0487794262676595	0.694753088733495	-0.0870955748421788	0.0502254670889754	0.0227742876019646	0.0579613781489217	-0.0482368081324013	0.00351782283123666	-0.0191904534389673	0.00846843268640542	3.39893545263366e-05	-0.013061091008537	0.00144512975558514	-0.0118139128659629	0.13163514254183
treat_1h_rep2	-0.112418770418976	0.0135482707149342	0.17791266554377	0.0359641561377302	0.169848522486059	0.0480157233340351	0.511053441595294	0.292838071320442	-0.186890830060559	-0.0337358323100142	0.00504666913273997	-0.0211091427034784	0.0909558868823471	0.0235642903607427	0.0402315648177015	0.067517863435428	-0.0815928587949579	0.00803893831084662	0.008940660807011	0.032439016986977	-0.692956343807351	0.0884851850886516	-0.0476047718015172	-0.0143814002352917	-0.0503363688714321	0.0767410624361756	-0.00472345938534856	0.015923680282595	-0.00937412243950253	-0.00449358487197034	0.0176753956981154	-0.000551308172107494	0.0111968890686138	0.130442002683468
treat_1h_rep3	-0.319754131002948	0.0760375273208092	0.0518052033510724	-0.0900120805176531	-0.0442688946610395	-0.0351337674816982	-0.155344859201541	0.0475356136950009	0.123918242544535	-0.0374649722301529	-0.0452256036744743	-0.0211387120965003	0.139873162551286	0.531355044491156	0.0902399942819782	0.0144802539200967	-0.0683937164506451	-0.0242713770985106	-0.00324026840288225	-0.0378486457287159	-0.000473837099586413	-0.0181636054213313	-0.0348674102855537	-0.0107793908727703	-0.0980484081216546	0.0587981356254346	-0.00604403394282756	-0.682054206943025	-0.109075017636987	0.0351612170548521	0.0454251760405242	-0.000687449439550021	0.00552031493980928	0.142096962569634
treat_1h_rep4	-0.322381857284456	0.0766342673547773	0.053210910113978	-0.0847009647494245	-0.034037833501408	-0.035294959102705	-0.157072581963147	0.0523205036661653	0.121324885774546	-0.0400195458460051	-0.0418609602520164	-0.020548352036964	0.146874774487304	0.519622221527984	0.0892644990795277	-0.00263942973877775	-0.072778016952702	-0.0358166643526371	-0.00760111761565659	-0.0367900438832266	0.00378161361334084	0.0228576855376895	0.0364593586107975	0.00768127301716726	0.103318491241426	-0.0468616578916523	-4.60507659775476e-05	0.689312458743587	0.110156691914451	-0.0304916585991807	-0.0388973281534596	-0.00333181381213082	-0.00618331395134688	0.140579906507234
treat_1h_rep5	-0.201715593449681	0.180076826477379	0.0664092471884519	-0.188886135708645	0.225301716578035	0.067402651973999	-0.0835274608720118	0.0684590787231556	0.303285490860082	-0.0433271753054575	0.290889818038991	0.0743511069881337	-0.069584228078706	-0.293538871156085	0.0775997043383618	0.00990565231275292	-0.026869532656009	-0.129805965807123	-0.0466381521646516	-0.0589239324055955	0.0521306922224954	-0.0395954479048387	0.0800486322497146	-0.457813940696443	-0.45293664212295	0.150573611914605	-0.206834793329942	0.0712336698714276	0.027660192529317	-0.012150073013708	-0.00973828925619247	-0.00570577021105339	-0.00104088246902905	0.1359072711135
treat_1h_rep6	-0.206018540883479	0.180293591456321	0.0609942158809498	-0.187307200977906	0.226065447030958	0.0661981648660525	-0.0927967214636081	0.0695160967125357	0.295226705238795	-0.0353560454239775	0.287897987133568	0.0711094046427763	-0.0791252955179226	-0.29024886396418	0.0889694054314523	0.0149407031014614	-0.0259534808865626	-0.112511986407156	-0.0412531305093405	-0.065408548386872	-0.0518996219407719	0.0347038444991626	-0.0642560167345725	0.466664314702028	0.468251711652868	-0.0900444493811202	0.210496631633835	-0.0805586545704415	-0.024653517353263	0.0119223174816105	0.00344031288182572	0.0017543440861154	0.00354195189850073	0.13513540441045
treat_1h_rep7	0.177110460812832	0.143497376949773	0.0116770482614292	0.052329385379738	0.320793276778027	-0.0290072500285129	-0.0672227490143982	0.0864211918269435	0.119759522695127	0.0496936800971352	0.132233781797557	0.105033962018155	-0.0422006516976753	0.181487986467314	-0.190483452182485	0.0184901146745333	0.484021782477591	0.568757556966009	0.300025846996446	0.157922891652122	-0.000789938332173925	0.0136865668371188	0.00899067142469306	-0.00568046634967976	0.00537303245111074	0.0187106439377916	-0.00622359355151225	0.00647877816017433	0.00193004209832531	-0.00206471399290075	0.00874940030659952	0.000346738141537327	-0.00156838008177894	0.197961743832757
treat_4h_rep1	0.250716727579232	-0.0102285532509027	0.112357216031264	-0.246221420461871	0.0405887628030014	0.0653910033918947	-0.130052281926236	0.228027785407332	0.0964334667237593	0.270705641849937	-0.297608572501353	-0.245389724918877	0.0942817009055554	-0.0758666904894331	-0.00977363605700718	-0.0236005773930599	-0.0681004916820383	-0.0187515182110888	-0.0109684133328902	-0.0173033191955463	-0.00112959891041631	0.00603112985568346	-0.00504721964854289	0.0173014372824624	-0.00753337834166684	-0.0139656056429136	-0.057117990508698	0.0186383582069933	0.0700308669707591	0.69910589081503	-0.0629523223319688	0.00283126345557991	0.0151155832832532	0.186554149950237
treat_4h_rep2	0.249045600455711	-0.00699531878739219	0.108805254727426	-0.247374849309446	0.0443591555055406	0.0665812707445803	-0.136640374302263	0.223777680812961	0.0896308162304462	0.274233569467981	-0.297062557192154	-0.252151423381572	0.0966680071590621	-0.0730988738168443	-0.00763080522177847	-0.0186818211668535	-0.0690047579510962	-0.0215384672911071	-0.00144954768526488	-0.0399186848313614	0.00475350650218938	-0.0131874975480144	-0.00752702738192809	-0.0155551493900101	-0.00504504374536494	-0.0137050175596535	0.0593624949007058	-0.0177452934871056	-0.0726016039137258	-0.696017777060592	0.0596060113968424	-0.000470683489117621	-0.0165884196467914	0.186221919320867
treat_4h_rep3	0.120316346572477	0.165184997111053	0.0762639183011981	0.104601763987951	-0.215517946729091	0.151710101663554	0.0706780170517311	0.074008521897063	0.0528810443563583	-0.178100254018434	0.0364838364227661	0.0384806791289023	-0.107075887920309	0.0308989453262138	-0.00966066964102523	-0.847239090798824	-0.0421515989508726	0.1056571535553	-0.200083352572011	-0.00871708875113098	-0.0130166178144086	-0.0148302947313661	-0.000515711374935554	-0.00162653380498401	0.00999708066968768	0.0186009484743253	0.00424944419565884	-0.00916273483494335	0.00161888669560344	-0.00634126959392363	-0.00658261837358391	-0.000223471999363289	-0.00491951931557437	0.199469514331986
treat_4h_rep4	0.0187016467167335	-0.0416531179386037	0.0826890199457803	-0.160728558084425	-0.158256552179976	-0.0932258301777564	0.18082979156446	-0.0340132459891513	0.127439912886904	-0.0645500553953664	0.026820079030222	-0.174367726411427	-0.730290502781622	0.179785552158748	-0.420272826707966	0.194361716448687	-0.181114801572031	-0.0132174566584028	-0.0442666922645797	0.0166112307881122	0.016994053914468	0.00862018704715874	0.0100362050021965	0.00561794703919103	0.00207649297119992	0.00508723895384112	-0.00346457550322518	0.0086483589443309	-0.00409225414537645	-0.00319194974254933	-0.00106333489269933	-0.00128668473556134	0.00474545682967807	0.173753844111024
treat_12h_rep1	-0.0831668660582673	-0.0504044571163079	-0.448684546445535	-0.134645007971546	0.158290205540482	0.114529051078588	0.0623926860839575	-0.108471103833702	0.00826727352789938	-0.1366224921155	-0.116573904742369	-0.0476211028653577	-0.0478591152804641	-0.0480584786771906	0.149141100199568	-0.047325963883362	-0.260883614410181	0.180641214648622	0.100528271208144	0.246192568034351	-0.0364315626544645	-0.0135871104778554	-0.108071533667938	-0.00278144876921384	-0.196038668752711	-0.636266803378134	0.0106230743674035	-0.0095049440096791	-0.0152979225548736	0.00272578783575175	0.0247310207639011	-0.00432919917270686	-0.00323121579509804	0.156940985611491
treat_12h_rep2	0.0265453297678815	-0.159724731644509	-0.357233100529905	0.0804041188834624	0.249193167218029	-0.13128240745071	0.0858181458025377	0.0602420098566152	0.0253014862435645	-0.107411390226143	-0.0566294808695742	-0.037332028170029	0.0774740997125696	0.0432172004761125	-0.229928178649851	-0.030273912134874	0.168521457319004	-0.0403980656311837	-0.221353260122395	-0.746483201264623	-0.00342977195996688	-0.0318370782937968	-0.0179955945080597	-0.00989600668606209	-0.0123936106067523	-0.104013030917171	-0.0161769360764619	-0.00481846150792573	-0.0081316912999854	0.0100567119824987	-0.00659104261613362	-0.0019737343718674	0.00376873989391228	0.147466654791186
control_12h_rep1	0.0198625848983287	-0.195933321194012	-0.402500805522315	-0.118930749894198	0.104886705013187	0.187615726636099	0.0381319104749544	-0.109225960051406	0.00979646684808349	-0.166591803584824	-0.11631958821979	-0.0151811792507219	-0.0288407235023949	-0.0186741616716066	0.195255430947635	0.0301909818050933	-0.252494167630824	0.238180255365041	0.049756597012921	0.0373916569476728	0.0398793459836452	0.0331175306765682	0.11711452840079	-0.00385430992836239	0.196939496384611	0.659030928070911	-0.00871348554118095	0.0109516711549066	0.0311065517314241	-0.00543903268458243	-0.0203681756542227	0.00271314518664858	0.000904746698088732	0.167794274360811
control_12h_rep2	0.0532319074896085	0.0909050032495364	-0.370229049801606	-0.0711271232206224	0.116164218477546	-0.215368427499432	0.0399756203480376	0.081517903965806	-0.043056177108273	-0.0727314168775637	-0.0569532439044518	0.0338717209239299	0.112400395076418	0.0495457401883383	-0.283079230142361	-0.116769808905156	0.247324142219317	-0.580971292242122	-0.0106693696630791	0.460514751934832	0.00360463257333793	0.0120344935317948	0.015803427303987	0.0142455356166	0.0323796083769371	0.133613928715738	0.015505148398658	-0.00122928063333257	-0.00909706900675685	-0.00448461842364256	0.00117246616690799	0.00209834213808797	-0.00194657454461466	0.165862194166316
treat_24h_rep1	-0.0214658269979633	-0.339473850731499	-0.0477751501356687	0.236151491703133	0.0344846145493381	0.0531472898669584	0.0273459479346373	-0.0519444948426656	0.0969954252525256	0.352423127251057	0.333246389257708	-0.168122656953976	0.0323874489607538	0.0766244775741019	0.0179376258112092	-0.0751349175302427	-0.0501346856230405	-0.0618082126311295	-0.00515419595034124	0.0915429188475367	-0.00710967316533974	0.0192501537997006	-0.0292882398551662	0.0112545143691388	-0.0270121400754585	-0.0196409042767458	0.0187828470579963	-0.0467321244407752	0.0137941946131332	-0.0613350817860815	-0.699691076379046	0.00686210247236552	-0.00266715066115296	0.139995961302688
treat_24h_rep2	-0.0215444454244472	-0.341319368482582	-0.0446083498730398	0.236034837793044	0.0335435142671249	0.0460039799552248	0.0222090417716855	-0.0522228048511164	0.0946589049999543	0.351790471741416	0.33186001449136	-0.169495556724603	0.0320739379099247	0.0631656181465577	0.0129546245202094	-0.0854410872375612	-0.0599937582402955	-0.0626406857892688	-0.0183512008007681	0.0802029507191857	0.0152934761629813	-0.0228620961229575	0.0322616208096709	-0.0116095982456651	0.0252926380803126	0.00128030031391191	-0.0214363737843421	0.0411407220391494	-0.00979220744995775	0.059670260107894	0.701981059650077	-0.00520253901625953	0.00483758283559134	0.138949641288975
treat_24h_rep3	-0.0115211915966846	-0.224502256318589	0.0824821463622139	-0.0365599054046417	-0.0964066488897873	-0.0813151559220562	0.0361945022959527	-0.0160328973558379	-0.0136911484319339	-0.238755236944927	-0.072483914261167	-0.321892504137012	-0.275782127562469	-0.023266615217232	0.580804429483359	0.00261793503602703	0.54109894810753	-0.143261082156125	0.0688734748031704	-0.0193921923743886	-0.00956209366311962	-0.00498213125742768	-0.00751171474891698	-0.0082691414428292	-0.0125803072264501	-0.0313877161082159	0.0088313399236306	0.00672696413790053	-0.0172581363105173	0.00385777698564471	0.00514501436793098	0.00434467500310288	0.0018241660126313	0.153473211793187
