Comp.1	Comp.2	Comp.3	Comp.4	Comp.5	Comp.6	Comp.7	Comp.8	Comp.9	Comp.10	Comp.11	Comp.12	Comp.13	Comp.14	Comp.15	Comp.16	Comp.17	Comp.18	Comp.19	Comp.20	Comp.21	Comp.22	Comp.23	Comp.24	Comp.25	Comp.26	Comp.27	Comp.28	Comp.29	Comp.30	Comp.31	Comp.32	Comp.33	Comp.34
control_12h_rep1	-0.0198625848983285	-0.195933321194013	-0.402500805522315	0.118930749894198	0.104886705013188	0.187615726636097	0.0381319104749549	0.109225960051406	-0.00979646684806894	-0.166591803584828	-0.116319588219784	0.0151811792507213	-0.0288407235023947	0.0186741616716067	-0.195255430947632	0.030190981805094	0.252494167630823	0.238180255365043	-0.0497565970129189	0.0373916569476739	-0.0398793459836433	0.0331175306765718	0.117114528400805	-0.00385430992835294	0.196939496384644	0.659030928070903	0.00871348554117389	0.0109516711549066	0.0311065517314245	0.005439032684579	-0.0203681756542225	0.00271314518664849	0.00090474669808821	-0.167794274360811
control_12h_rep2	-0.0532319074896088	0.0909050032495363	-0.370229049801605	0.0711271232206227	0.116164218477543	-0.215368427499435	0.0399756203480364	-0.081517903965806	0.0430561771082806	-0.0727314168775624	-0.05695324390445	-0.033871720923929	0.112400395076419	-0.0495457401883393	0.283079230142361	-0.116769808905157	-0.247324142219314	-0.580971292242123	0.0106693696630879	0.460514751934832	-0.00360463257333997	0.0120344935317941	0.0158034273039875	0.0142455356166011	0.0323796083769443	0.133613928715735	-0.0155051483986605	-0.00122928063333336	-0.0090970690067573	0.00448461842364089	0.00117246616690783	0.00209834213808767	-0.0019465745446145	-0.165862194166316
control_1h_rep1	0.202394306864234	0.173008889335064	-0.0975629333995204	-0.0676409829193074	0.0266227078207356	-0.238797347377189	-0.0433418879612033	0.0210940528730719	0.240803259129894	0.378379796431715	-0.138136534283329	-0.152947137260167	-0.222718651195282	0.0803514295205838	-0.147486687007992	-0.0759205688325821	-0.00641687962646766	0.0525271128353331	0.0761556016150313	-0.059319480916914	-0.0882201360483187	0.695191439479896	0.0364174666209281	-0.00401028283258791	-0.0344797363883015	0.0202270670577856	0.0262365371667052	-0.0129275764920767	-0.0175132350112732	0.00585457683547692	0.0161555446870893	0.0107893721020729	-0.000921495247677703	-0.141556688188562
control_1h_rep2	0.205022048482923	0.171593581525689	-0.0987657212102295	-0.0649347119856159	0.022191644324412	-0.250495689381497	-0.0413211380165845	0.0244246807725098	0.227590922669492	0.373099503852448	-0.141443157840089	-0.152993162102502	-0.224474151242589	0.0754664633464125	-0.143640710847283	-0.0476880693678941	0.00225227759691782	0.0707726764554706	0.0625332335503468	-0.0111375607947107	0.0881839400773598	-0.699464942434605	-0.0141733503630308	-0.00996249016342727	0.0554355317266439	0.0662250793460828	-0.0176834965998425	0.0140124427103864	0.0257683169045058	-0.00701329170077363	-0.0252030699547008	-0.00791923453270663	0.00946781933615425	-0.140558098536797
control_1h_rep3	0.176408068800323	-0.0823471351330835	0.153026918794984	-0.0524834961034801	0.0795055237028465	0.403384999665692	0.0318061741120339	0.295062698141139	-0.00778024702438478	0.0652840663808845	-0.271911155776455	-0.138990489810573	-0.0127317992094385	0.0360022499395201	0.15091359647814	0.00612054147297036	-0.167007683980407	-0.109681496734693	0.0140880073149491	0.0135818871887976	0.0771071064396867	-0.00258429599318403	0.551238081165341	-0.266873409825748	0.271727984690084	-0.183473514313199	-0.0345877415475517	-0.0725486450882463	-0.047265727841558	-0.0122177425571417	-0.029080652192119	0.00775014407877988	-0.000501984848109506	-0.135561179030583
control_1h_rep4	0.176435127741669	-0.0876703455990494	0.148280556460326	-0.0521354429029118	0.0848956822206459	0.401831549748934	0.0322878387024853	0.301245053767589	-0.0063751828398355	0.0705122135220769	-0.262671889156007	-0.144880565610854	-0.0245682638153024	0.0300273392780881	0.146116517139371	0.00163861108144744	-0.169128196763229	-0.0973028659149272	0.014157058229303	-0.00664051972051224	-0.0648386846805229	-0.00551681061789357	-0.559985310615888	0.269215780700341	-0.276262875300987	0.160025752070306	0.0309804588188059	0.0736068724232283	0.0411181157857591	0.0111079230231901	0.0336489767764793	-0.0105194792942192	-0.00302778468106384	-0.134794883400372
control_1h_rep5	-0.105179086582876	0.306534773340772	0.051702261725525	0.0716075733394699	0.0250291783786256	-0.0133618173148099	0.0440987510380176	0.3875478167348	0.225554131001151	-0.0211463876097851	0.168956563537396	0.303414166491292	0.142800609067576	-0.00923651236741625	0.00741575905754042	0.0428742899047075	0.0274180363759548	-0.0107121523124337	0.0129076917661188	-0.0446014550463903	0.0123177687581429	-0.00754195100222863	-0.0739823324234038	0.0434306529382523	0.229103870770869	-0.0436781148918333	0.66260146930471	-0.0305908520799086	-0.0172746042391485	0.0495753030728228	-0.0173403960236431	0.00791749419464752	-0.000245346274472571	-0.178460465736553
control_1h_rep6	-0.103542736459938	0.302723863034391	0.0509442798713084	0.0714284509178302	0.0286038323573696	-0.0159862765206157	0.0476560947829862	0.39073818160132	0.229016667754189	-0.0144842135613435	0.175414976422101	0.302347967078643	0.147668419436824	-0.017738027598423	0.018454976010169	0.0472065056851255	0.0285975315109262	0.00903319071912891	0.0270067660030863	-0.0763247026250588	-0.0199402529541631	0.00194142566468823	0.0747147025685283	-0.0465526658076338	-0.212262387403863	0.0748912863523975	-0.656348272590311	0.0324691404867225	0.0172530740772726	-0.0597496256193895	0.0138127826427265	-0.00026398763209821	-0.00458110439011896	-0.179415586326735
control_1h_rep7	-0.113185817422407	0.0181298989452949	-0.134953008665771	0.0442929485939183	-0.425524900381781	0.176295533786905	-0.02679394346019	-0.13509947330187	0.0318424918313166	0.00167910278261805	0.151764446850896	-0.220418566020272	0.128619418591035	0.0335279135032859	-0.0445096037542748	0.36593367941446	-0.176647959984076	0.158291465789105	0.577622485908624	0.127525855570837	0.0181297335536943	0.0050416279272662	-0.016578117106366	-0.00158486096845574	-0.0164945506590415	-0.0639275775240272	0.00300621912737764	0.00410536852964853	0.00473510671254884	0.007541584278903	0.00398556374978439	-0.000163862334253915	0.00354205874187864	-0.313177892947236
control_24h_rep1	-0.217652292273022	0.120561296719627	0.0889209068745458	-0.458561047063599	0.126611704825859	-0.0420045945967199	-0.125405889544211	-0.00673034730696594	-0.110006575275397	-0.154997018293419	-0.119983959774728	-0.0675455267819081	-0.0527038409561593	-0.0156454911890235	-0.113595264421705	0.149722640569392	0.186063463518665	-0.119401091752751	-0.00316494970948295	0.0201388961826604	-0.0130967023406314	0.0059846233578417	-0.00282363368756523	0.00156811935003435	-0.00947707420808794	-0.0174585176251613	-0.00663025948284159	0.00196674564118938	0.0103131949585577	0.0171952651759369	-0.00113349106542101	0.0119586126225267	0.707292716355607	-0.205309006699253
control_24h_rep2	-0.217072234538023	0.117758806206651	0.0864294846482238	-0.459071226285126	0.129672421361	-0.0446112175271616	-0.128056548773714	-0.0113257739978445	-0.107056316747088	-0.149841266151965	-0.117005879330504	-0.0695820884809811	-0.0641520320649705	-0.0176240586077349	-0.116496254131845	0.158362924549669	0.186239909647797	-0.120516644833747	0.00503260139607498	0.0155473185341628	0.0108666767367708	-0.00153390761623457	-0.00384328967225407	0.00333868064053138	-0.00587102481632074	-0.0123447440349218	-0.00111220533561428	-0.00489527642837597	-0.00859895231570555	-0.0170431515739957	0.00317208466002232	-0.0152957621818142	-0.705696881510598	-0.203693086509285
control_24h_rep3	0.308327865766304	-0.0961945610786899	0.0645635959037664	-0.154290155281636	-0.157892095587422	-0.179655111115433	-0.128498968768795	-0.0544623276164478	0.0127423489591016	-0.161495507084545	-0.0901359698121504	0.216582082772796	0.1478081556148	0.283166730942431	0.218346848264695	0.00177761706425351	0.00626154671346482	0.162854590954405	-0.0608203851371195	0.0716634705594491	-0.00629648586612533	0.0180168887678152	0.00141005222061685	-0.00506609057129329	0.0167586217511171	0.0271292228950574	0.000765130591701194	-0.004045167896895	-0.00567083437941659	0.000338352754184477	-0.010964546512447	-0.704570045952453	0.0102486296106991	-0.162911726822115
control_24h_rep4	0.310406239810292	-0.0987335594572057	0.06588505215441	-0.153743003396417	-0.151241153989276	-0.177664969965111	-0.131303588884097	-0.0557425931979279	0.00774782004468738	-0.164709531013307	-0.0907205652383937	0.209027669458105	0.145302478925383	0.279198065065568	0.220657416797586	0.00219440140366312	0.011215989318566	0.163530799315965	-0.0554435547297559	0.0708227978415358	-0.00305344644692449	-0.00178682285430851	-0.00181872442995926	0.00786505118907271	-0.0058917682995601	0.0269094935317832	-0.000980336046121078	-0.000378397990265297	0.01515601052183	0.00410648224778064	0.00245092254003703	0.708673794887614	-0.0171724893674938	-0.160320803665641
control_4h_rep1	-0.108614447348884	-0.167322814164696	0.157595075179249	0.156280010386503	-0.0543961194071976	-0.351948323665232	0.209486408938317	0.253303234137553	-0.229716784094503	0.00853253537365315	-0.058846433052093	-0.255902060199785	0.152547232785865	0.0353857638107485	-0.0500358293277187	-0.0361550915087318	0.0545178261484793	0.0322170482165957	-0.0245148832758471	0.0134026804335366	-0.0170701296382132	0.0439854414740973	-0.403636809447844	-0.45630131283161	0.326778038079711	-0.0459080531772958	-0.125542356428101	-0.0230788001320257	-0.00399274936162384	-0.0194072280726699	0.00179231021928886	0.00857467561182964	-0.00286514471795525	-0.148777801924716
control_4h_rep2	-0.109581188896974	-0.170086441403074	0.155020385729198	0.152591035523814	-0.0518683955337086	-0.352635583807693	0.206626535717367	0.260109552342412	-0.225751174219912	0.00533091597268915	-0.0664580228885058	-0.246169317237146	0.161637904560898	0.0325114549199299	-0.0565369698062468	-0.043102204489961	0.043299428984045	0.0420478913327768	-0.00557809529907539	0.00287612413503438	0.0154307826684469	-0.0327504651196385	0.399964733851154	0.46277050424545	-0.329536766879889	0.010677508037162	0.124873188306192	0.0224012086136834	0.00833500356957345	0.0275028248047679	-0.0027945006591488	-0.00971647120327028	-0.00300280007071008	-0.145758255664839
control_4h_rep3	-0.072566319126617	-0.26634994194007	0.174839568815712	0.16172682157533	0.138313362479349	-0.0229335064101153	-0.276521741818573	-0.049845538713633	0.391322836113772	-0.142002984131822	0.140994157877526	-0.179570589084019	-0.0518959329428488	-0.0268984174537431	0.0413314287425789	-0.0481195843672906	0.0764779311775551	-0.0597016351560348	-0.0277687098869693	-0.011727832276539	0.0172352876505839	0.0126318120209707	0.0146591623085154	-0.00626317604618197	0.00812849486424198	-0.066719316657755	0.00128167113963983	-0.122316312508478	0.690122400259159	0.0639321026072028	0.0225780860046028	-0.0117740264453777	-0.00806026727891109	-0.154969526076872
control_4h_rep4	-0.0686221132505767	-0.267924640429729	0.173450459938366	0.156807436312882	0.141492670171195	-0.0220941406415944	-0.281010305529047	-0.0466261859367794	0.387254523671754	-0.137428593634335	0.144742883074018	-0.188511076876096	-0.0424255321330972	-0.020812197445443	0.0407887537126874	-0.0488772387416213	0.0995402310797659	-0.0328461275060987	-0.0141562085460402	-0.00393515539878289	-0.0113006173972653	-0.0253039188857501	-0.0219940304124392	0.00595823091331799	-0.0303922290719803	-0.00449318933046058	0.000290575523156207	0.115393113877867	-0.692748357217536	-0.0666370177793006	-0.0263151230098719	0.00772932165443968	0.0118051356090408	-0.153548385718037
control_4h_rep5	-0.0510291505919234	0.0968363450915597	-0.159676616751126	0.00188838304032578	-0.463355152752212	0.160341366291023	0.0632514017834918	-0.1162118612399	0.0493980249970386	0.0703971821556144	0.121627119083777	-0.20654099465113	0.0425531565848102	0.0601331270545151	0.00952517879704301	0.0528663457354105	0.0203356409738508	-0.178837934910382	-0.666258503322414	-0.270647602692318	-0.0048318864855566	-0.00847360082558411	0.00399663550354787	0.00748366344298843	-0.0142392406463112	-0.0276574967306153	-0.000583145311786212	0.00613339669528101	-0.00958984394777498	-0.00889687584461216	0.00467402288930079	0.00441601221039996	-0.00327600408098513	-0.283728074330257
treat_12h_rep1	0.0831668660582674	-0.0504044571163089	-0.448684546445536	0.134645007971547	0.158290205540483	0.114529051078587	0.0623926860839585	0.108471103833702	-0.00826727352788703	-0.136622492115505	-0.116573904742364	0.047621102865357	-0.047859115280465	0.0480584786771898	-0.149141100199565	-0.0473259638833618	0.260883614410181	0.180641214648625	-0.100528271208137	0.246192568034353	0.036431562654462	-0.0135871104778596	-0.108071533667953	-0.00278144876922298	-0.196038668752742	-0.636266803378124	-0.0106230743673979	-0.00950494400967891	-0.0152979225548744	-0.00272578783574789	0.024731020763901	-0.00432919917270713	-0.00323121579509691	-0.156940985611492
treat_12h_rep2	-0.0265453297678814	-0.15972473164451	-0.357233100529904	-0.0804041188834625	0.249193167218027	-0.131282407450713	0.0858181458025368	-0.0602420098566161	-0.0253014862435568	-0.107411390226147	-0.0566294808695715	0.0373320281700283	0.0774740997125714	-0.0432172004761139	0.229928178649849	-0.030273912134872	-0.168521457319004	-0.0403980656311876	0.221353260122375	-0.746483201264629	0.00342977195996907	-0.0318370782937956	-0.0179955945080591	-0.00989600668606316	-0.0123936106067588	-0.10401303091717	0.0161769360764639	-0.00481846150792555	-0.00813169129998463	-0.0100567119824971	-0.00659104261613306	-0.00197373437186618	0.00376873989391106	-0.147466654791186
treat_1h_rep1	0.11373808159099	0.0200639732752326	0.176919663321414	-0.0366456515389769	0.165831571587661	0.0594173798796707	0.507258709352423	-0.296136535524697	0.191437086378208	-0.0402050991675781	8.36811791726753e-05	0.00641636171864794	0.0986820512224819	-0.0186057735939548	-0.0555955711763655	0.0564743704525309	0.0602496262597407	0.0115012970990323	0.00890398986689503	0.0487794262676557	-0.694753088733495	-0.0870955748421871	0.0502254670889734	0.0227742876019611	0.057961378148926	-0.0482368081324034	-0.00351782283124066	-0.0191904534389704	0.00846843268640154	-3.39893545239416e-05	-0.0130610910085385	0.00144512975558591	-0.0118139128659628	-0.13163514254183
treat_1h_rep2	0.112418770418976	0.0135482707149345	0.17791266554377	-0.0359641561377302	0.16984852248606	0.0480157233340347	0.511053441595292	-0.292838071320447	0.186890830060561	-0.0337358323100016	0.00504666913274372	0.0211091427034781	0.0909558868823467	-0.0235642903607437	-0.0402315648177019	0.0675178634354289	0.0815928587949562	0.00803893831084741	-0.00894066080700848	0.0324390169869808	0.69295634380735	0.0884851850886598	-0.047604771801516	-0.0143814002352881	-0.0503363688714351	0.0767410624361779	0.00472345938535266	0.0159236802825982	-0.00937412243949855	0.00449358487196834	0.0176753956981173	-0.00055130817210781	0.0111968890686128	-0.130442002683468
treat_1h_rep3	0.319754131002948	0.0760375273208095	0.0518052033510725	0.0900120805176528	-0.0442688946610396	-0.035133767481698	-0.155344859201542	-0.0475356136949997	-0.12391824254453	-0.0374649722301617	-0.0452256036744762	0.021138712096503	0.139873162551284	-0.531355044491155	-0.0902399942819782	0.0144802539201034	0.0683937164506453	-0.0242713770985103	0.00324026840288286	-0.0378486457287159	0.00047383709958753	-0.0181636054213348	-0.0348674102855601	-0.010779390872762	-0.0980484081216567	0.0587981356254395	0.00604403394283095	-0.682054206943027	-0.109075017636977	-0.0351612170548429	0.0454251760405237	-0.000687449439548893	0.0055203149398118	-0.142096962569634
treat_1h_rep4	0.322381857284456	0.0766342673547776	0.0532109101139783	0.0847009647494242	-0.0340378335014081	-0.0352949591027047	-0.157072581963148	-0.0523205036661636	-0.121324885774542	-0.040019545846014	-0.0418609602520193	0.0205483520369669	0.146874774487301	-0.519622221527985	-0.089264499079528	-0.00263942973877044	0.0727780169527013	-0.0358166643526378	0.00760111761565698	-0.0367900438832251	-0.00378161361334419	0.0228576855376925	0.0364593586108031	0.00768127301715959	0.103318491241429	-0.0468616578916575	4.60507659738436e-05	0.689312458743588	0.110156691914439	0.0304916585991707	-0.0388973281534601	-0.00333181381213096	-0.00618331395134878	-0.140579906507235
treat_1h_rep5	0.201715593449681	0.180076826477379	0.0664092471884511	0.188886135708645	0.225301716578035	0.0674026519739975	-0.0835274608720126	-0.0684590787231533	-0.303285490860084	-0.0433271753054674	0.290889818038985	-0.0743511069881326	-0.0695842280787042	0.293538871156085	-0.0775997043383627	0.00990565231274836	0.0268695326560106	-0.129805965807123	0.0466381521646493	-0.0589239324055961	-0.0521306922224982	-0.0395954479048483	0.080048632249739	-0.457813940696412	-0.452936642122971	0.150573611914632	0.206834793329926	0.0712336698714299	0.027660192529324	0.0121500730137072	-0.00973828925619109	-0.00570577021105413	-0.00104088246903066	-0.1359072711135
treat_1h_rep6	0.206018540883479	0.180293591456321	0.0609942158809491	0.187307200977906	0.226065447030958	0.0661981648660511	-0.0927967214636083	-0.0695160967125342	-0.295226705238797	-0.0353560454239871	0.287897987133563	-0.0711094046427754	-0.0791252955179213	0.290248863964181	-0.0889694054314517	0.0149407031014574	0.0259534808865648	-0.112511986407157	0.0412531305093386	-0.0654085483868717	0.0518996219407781	0.0347038444991728	-0.0642560167345948	0.466664314701998	0.468251711652893	-0.0900444493811485	-0.21049663163382	-0.0805586545704433	-0.0246535173532689	-0.0119223174816092	0.00344031288182382	0.0017543440861154	0.00354195189850108	-0.13513540441045
treat_1h_rep7	-0.177110460812832	0.143497376949773	0.011677048261429	-0.0523293853797378	0.320793276778028	-0.0290072500285152	-0.0672227490143982	-0.0864211918269416	-0.119759522695133	0.0496936800971314	0.132233781797556	-0.105033962018154	-0.0422006516976754	-0.181487986467316	0.190483452182484	0.0184901146745329	-0.484021782477597	0.568757556966007	-0.300025846996438	0.157922891652127	0.00078993833217198	0.0136865668371186	0.00899067142469284	-0.0056804663496788	0.00537303245111168	0.0187106439377917	0.00622359355151222	0.00647877816017413	0.00193004209832535	0.00206471399290036	0.00874940030660149	0.000346738141536086	-0.00156838008177975	-0.197961743832757
treat_24h_rep1	0.0214658269979638	-0.339473850731499	-0.0477751501356683	-0.236151491703132	0.0344846145493389	0.0531472898669573	0.0273459479346389	0.0519444948426667	-0.0969954252525556	0.352423127251063	0.333246389257691	0.168122656953977	0.0323874489607516	-0.0766244775741026	-0.0179376258112058	-0.075134917530242	0.0501346856230407	-0.0618082126311293	0.00515419595034263	0.0915429188475365	0.00710967316534059	0.0192501537997023	-0.0292882398551692	0.0112545143691392	-0.0270121400754624	-0.0196409042767434	-0.0187828470579978	-0.0467321244407731	0.0137941946131344	0.0613350817860784	-0.699691076379046	0.00686210247236146	-0.00266715066115126	-0.139995961302688
treat_24h_rep2	0.0215444454244476	-0.341319368482582	-0.0446083498730394	-0.236034837793044	0.0335435142671248	0.0460039799552239	0.0222090417716865	0.0522228048511168	-0.0946589049999847	0.351790471741422	0.331860014491344	0.169495556724605	0.0320739379099229	-0.0631656181465587	-0.012954624520208	-0.0854410872375607	0.0599937582402971	-0.0626406857892702	0.018351200800772	0.0802029507191856	-0.0152934761629826	-0.022862096122961	0.032261620809672	-0.0116095982456651	0.0252926380803152	0.00128030031390935	0.0214363737843431	0.0411407220391475	-0.00979220744995875	-0.0596702601078905	0.701981059650077	-0.00520253901625617	0.0048375828355896	-0.138949641288975
treat_24h_rep3	0.0115211915966851	-0.224502256318589	0.0824821463622138	0.0365599054046417	-0.096406648889788	-0.0813151559220557	0.036194502295955	0.0160328973558376	0.0136911484319518	-0.238755236944929	-0.0724839142611593	0.321892504137011	-0.275782127562473	0.023266615217237	-0.58080442948336	0.00261793503602221	-0.541098948107526	-0.143261082156128	-0.0688734748031718	-0.0193921923743863	0.00956209366311856	-0.00498213125742694	-0.00751171474891765	-0.00826914144282904	-0.0125803072264516	-0.0313877161082148	-0.00883133992363034	0.00672696413789946	-0.0172581363105173	-0.00385777698564568	0.00514501436793048	0.00434467500310238	0.00182416601263068	-0.153473211793186
treat_4h_rep1	-0.250716727579232	-0.0102285532509028	0.112357216031264	0.24622142046187	0.0405887628030023	0.0653910033918945	-0.130052281926237	-0.22802778540733	-0.0964334667237788	0.270705641849921	-0.297608572501368	0.245389724918875	0.0942817009055531	0.0758666904894338	0.00977363605700724	-0.023600577393061	0.0681004916820379	-0.018751518211087	0.0109684133328898	-0.0173033191955471	0.00112959891041573	0.00603112985567736	-0.00504721964854213	0.0173014372824637	-0.00753337834166495	-0.0139656056429184	0.0571179905087077	0.0186383582069801	0.0700308669707843	-0.699105890815027	-0.0629523223319648	0.00283126345557916	0.0151155832832529	-0.186554149950238
treat_4h_rep2	-0.249045600455711	-0.00699531878739237	0.108805254727427	0.247374849309445	0.0443591555055414	0.0665812707445803	-0.136640374302264	-0.223777680812958	-0.0896308162304661	0.274233569467967	-0.29706255719217	0.25215142338157	0.0966680071590598	0.0730988738168441	0.00763080522177777	-0.018681821166854	0.0690047579510947	-0.0215384672911055	0.00144954768526404	-0.0399186848313611	-0.00475350650218796	-0.0131874975480099	-0.00752702738192952	-0.015555149390012	-0.00504504374536811	-0.0137050175596479	-0.0593624949007153	-0.0177452934870924	-0.072601603913751	0.69601777706059	0.0596060113968378	-0.000470683489116251	-0.0165884196467907	-0.186221919320867
treat_4h_rep3	-0.120316346572477	0.165184997111053	0.0762639183011972	-0.104601763987951	-0.21551794672909	0.151710101663556	0.0706780170517312	-0.074008521897065	-0.0528810443563441	-0.178100254018438	0.0364838364227711	-0.0384806791289014	-0.10707588792031	-0.0308989453262241	0.00966066964103733	-0.847239090798824	0.0421515989508781	0.105657153555299	0.200083352572008	-0.00871708875113754	0.0130166178144081	-0.014830294731366	-0.000515711374934228	-0.0016265338049839	0.00999708066968915	0.018600948474325	-0.00424944419565908	-0.00916273483494286	0.00161888669560286	0.00634126959392415	-0.00658261837358436	-0.000223471999363844	-0.00491951931557331	-0.199469514331986
treat_4h_rep4	-0.0187016467167333	-0.0416531179386037	0.0826890199457806	0.160728558084425	-0.158256552179977	-0.0932258301777554	0.180829791564461	0.0340132459891501	-0.127439912886901	-0.0645500553953756	0.026820079030218	0.174367726411422	-0.730290502781621	-0.179785552158745	0.420272826707968	0.194361716448693	0.181114801572028	-0.0132174566584032	0.0442666922645798	0.0166112307881104	-0.0169940539144686	0.00862018704715843	0.0100362050021956	0.00561794703919101	0.00207649297119978	0.0050872389538413	0.00346457550322486	0.00864835894433054	-0.00409225414537743	0.00319194974254919	-0.00106333489269909	-0.00128668473556104	0.00474545682967833	-0.173753844111024
