Comp.1	Comp.2	Comp.3	Comp.4	Comp.5	Comp.6	Comp.7	Comp.8	Comp.9	Comp.10	Comp.11	Comp.12	Comp.13	Comp.14	Comp.15	Comp.16	Comp.17	Comp.18	Comp.19	Comp.20	Comp.21	Comp.22	Comp.23	Comp.24	Comp.25	Comp.26	Comp.27	Comp.28	Comp.29	Comp.30	Comp.31	Comp.32	Comp.33	Comp.34
treat_12h_rep1	0.0831668660582676	-0.050404457116309	-0.448684546445536	0.134645007971548	-0.15829020554048	-0.114529051078586	0.0623926860839579	0.108471103833701	0.00826727352788554	0.136622492115505	0.116573904742362	-0.047621102865356	0.0478591152804643	-0.0480584786771904	-0.149141100199566	-0.0473259638833612	0.260883614410179	0.180641214648627	-0.100528271208139	0.24619256803435	0.0364315626544603	0.0135871104778587	-0.108071533667954	0.00278144876925308	-0.196038668752762	0.636266803378117	-0.0106230743674158	-0.00950494400968224	-0.0152979225548763	0.0027257878357499	0.024731020763901	0.00432919917270641	0.00323121579509754	-0.156940985611492
treat_12h_rep2	-0.0265453297678814	-0.15972473164451	-0.357233100529905	-0.0804041188834601	-0.249193167218028	0.131282407450712	0.0858181458025365	-0.0602420098566159	0.0253014862435548	0.107411390226147	0.0566294808695713	-0.0373320281700287	-0.0774740997125704	0.043217200476113	0.22992817864985	-0.0302739121348724	-0.168521457319005	-0.040398065631194	0.221353260122383	-0.746483201264627	0.0034297719599674	0.0318370782937991	-0.0179955945080598	0.00989600668606944	-0.012393610606761	0.104013030917168	0.0161769360764609	-0.00481846150792725	-0.00813169129998511	0.0100567119824982	-0.00659104261613234	0.00197373437186618	-0.00376873989391141	-0.147466654791187
control_12h_rep1	-0.0198625848983284	-0.195933321194013	-0.402500805522315	0.118930749894199	-0.104886705013186	-0.187615726636098	0.0381319104749543	0.109225960051405	0.00979646684806707	0.16659180358483	0.116319588219783	-0.0151811792507204	0.0288407235023949	-0.0186741616716051	-0.195255430947635	0.0301909818050938	0.252494167630824	0.238180255365045	-0.0497565970129199	0.037391656947672	-0.03987934598364	-0.0331175306765716	0.117114528400808	0.00385430992832161	0.196939496384664	-0.659030928070893	0.00871348554119231	0.0109516711549097	0.0311065517314265	-0.00543903268458138	-0.0203681756542229	-0.00271314518664786	-0.000904746698088563	-0.16779427436081
control_12h_rep2	-0.0532319074896083	0.0909050032495356	-0.370229049801605	0.0711271232206239	-0.116164218477543	0.215368427499434	0.0399756203480371	-0.0815179039658045	-0.0430561771082804	0.0727314168775627	0.0569532439044479	0.0338717209239294	-0.11240039507642	0.0495457401883361	0.283079230142362	-0.116769808905158	-0.247324142219311	-0.580971292242119	0.0106693696630847	0.460514751934838	-0.00360463257333883	-0.0120344935317963	0.0158034273039876	-0.0142455356166085	0.0323796083769484	-0.133613928715735	-0.015505148398656	-0.00122928063333202	-0.00909706900675714	-0.00448461842364111	0.00117246616690619	-0.00209834213808803	0.00194657454461415	-0.165862194166317
treat_1h_rep1	0.11373808159099	0.0200639732752328	0.176919663321413	-0.0366456515389757	-0.165831571587661	-0.0594173798796709	0.507258709352423	-0.296136535524695	-0.191437086378211	0.0402050991675767	-8.36811791734325e-05	-0.00641636171864761	-0.0986820512224806	0.0186057735939571	-0.0555955711763667	0.05647437045253	0.0602496262597398	0.0115012970990339	0.00890398986689695	0.0487794262676567	-0.694753088733498	0.0870955748421508	0.0502254670889699	-0.0227742876019671	0.0579613781489239	0.0482368081324046	-0.00351782283123526	-0.0191904534389705	0.0084684326863984	3.39893545239162e-05	-0.0130610910085383	-0.00144512975558628	0.0118139128659624	-0.131635142541831
treat_1h_rep2	0.112418770418976	0.0135482707149347	0.177912665543769	-0.0359641561377287	-0.16984852248606	-0.0480157233340349	0.511053441595292	-0.292838071320445	-0.18689083006056	0.0337358323099989	-0.00504666913274375	-0.0211091427034779	-0.0909558868823476	0.0235642903607436	-0.0402315648177032	0.0675178634354276	0.0815928587949575	0.00803893831084583	-0.0089406608070101	0.0324390169869787	0.692956343807355	-0.0884851850886227	-0.0476047718015118	0.014381400235293	-0.0503363688714314	-0.0767410624361778	0.00472345938534784	0.0159236802825975	-0.00937412243949715	-0.00449358487196832	0.0176753956981172	0.000551308172107579	-0.0111968890686141	-0.130442002683467
treat_1h_rep3	0.319754131002948	0.0760375273208087	0.0518052033510725	0.0900120805176521	0.0442688946610404	0.0351337674816989	-0.155344859201542	-0.0475356136949998	0.123918242544529	0.0374649722301625	0.0452256036744752	-0.0211387120965028	-0.139873162551284	0.531355044491157	-0.0902399942819811	0.0144802539200916	0.0683937164506442	-0.0242713770985113	0.00324026840288174	-0.0378486457287148	0.000473837099586886	0.018163605421329	-0.0348674102855415	0.0107793908727707	-0.0980484081216693	-0.0587981356254493	0.00604403394285129	-0.68205420694302	-0.109075017637	0.0351612170548576	0.0454251760405235	0.000687449439550106	-0.00552031493981383	-0.142096962569633
treat_1h_rep4	0.322381857284456	0.0766342673547769	0.0532109101139783	0.0847009647494235	0.0340378335014089	0.0352949591027054	-0.157072581963147	-0.0523205036661642	0.12132488577454	0.0400195458460153	0.0418609602520173	-0.0205483520369669	-0.146874774487301	0.519622221527986	-0.0892644990795303	-0.00263942973878201	0.0727780169527001	-0.0358166643526377	0.00760111761565814	-0.0367900438832264	-0.00378161361334136	-0.0228576855376879	0.0364593586107867	-0.00768127301716811	0.103318491241442	0.0468616578916678	4.60507659538032e-05	0.689312458743582	0.110156691914463	-0.0304916585991854	-0.0388973281534601	0.0033318138121307	0.00618331395135113	-0.140579906507235
treat_1h_rep5	0.201715593449681	0.180076826477379	0.066409247188451	0.188886135708647	-0.225301716578033	-0.0674026519739973	-0.0835274608720114	-0.0684590787231547	0.303285490860083	0.0433271753054676	-0.290889818038986	0.074351106988129	0.0695842280787045	-0.293538871156084	-0.0775997043383614	0.00990565231275299	0.0268695326560108	-0.129805965807123	0.0466381521646506	-0.0589239324055945	-0.0521306922224975	0.0395954479048388	0.0800486322498145	0.457813940696414	-0.452936642122957	-0.15057361191465	0.20683479332991	0.0712336698714472	0.0276601925293243	-0.0121500730137041	-0.00973828925619146	0.00570577021105191	0.00104088246903024	-0.1359072711135
treat_1h_rep6	0.20601854088348	0.180293591456321	0.0609942158809489	0.187307200977908	-0.226065447030956	-0.066198164866051	-0.0927967214636075	-0.0695160967125349	0.295226705238798	0.0353560454239867	-0.287897987133563	0.0711094046427725	0.0791252955179216	-0.29024886396418	-0.0889694054314504	0.0149407031014624	0.0259534808865649	-0.112511986407155	0.0412531305093393	-0.0654085483868713	0.0518996219407753	-0.0347038444991629	-0.0642560167346716	-0.466664314702003	0.46825171165288	0.0900444493811664	-0.210496631633801	-0.080558654570461	-0.0246535173532688	0.0119223174816066	0.00344031288182543	-0.00175434408611504	-0.00354195189850027	-0.13513540441045
treat_1h_rep7	-0.177110460812832	0.143497376949773	0.0116770482614286	-0.0523293853797356	-0.320793276778028	0.0290072500285143	-0.0672227490143971	-0.0864211918269432	0.119759522695133	-0.0496936800971315	-0.132233781797554	0.105033962018154	0.0422006516976754	0.181487986467317	0.190483452182486	0.0184901146745333	-0.484021782477595	0.568757556966007	-0.300025846996442	0.157922891652122	0.000789938332174624	-0.0136865668371184	0.00899067142469345	0.00568046634967782	0.0053730324511122	-0.0187106439377919	0.00622359355151278	0.00647877816017452	0.00193004209832581	-0.00206471399290087	0.00874940030660057	-0.00034673814153671	0.00156838008177789	-0.197961743832757
control_1h_rep1	0.202394306864234	0.173008889335063	-0.0975629333995207	-0.0676409829193074	-0.0266227078207373	0.238797347377188	-0.0433418879612047	0.021094052873072	-0.240803259129891	-0.378379796431715	0.138136534283333	0.152947137260169	0.222718651195282	-0.0803514295205865	-0.14748668700799	-0.0759205688325801	-0.00641687962646886	0.0525271128353343	0.0761556016150336	-0.0593194809169157	-0.0882201360482861	-0.695191439479901	0.0364174666209409	0.004010282832576	-0.0344797363882981	-0.0202270670577859	0.0262365371667054	-0.0129275764920707	-0.0175132350112713	-0.00585457683547967	0.0161555446870868	-0.0107893721020738	0.000921495247677063	-0.141556688188563
control_1h_rep2	0.205022048482923	0.171593581525688	-0.0987657212102299	-0.0649347119856155	-0.0221916443244125	0.250495689381497	-0.041321138016586	0.0244246807725101	-0.227590922669487	-0.37309950385245	0.141443157840094	0.152993162102504	0.224474151242588	-0.0754664633464142	-0.143640710847282	-0.0476880693678928	0.00225227759691724	0.0707726764554692	0.0625332335503455	-0.0111375607947073	0.0881839400773286	0.69946494243461	-0.0141733503630409	0.00996249016343615	0.0554355317266448	-0.0662250793460821	-0.0176834965998411	0.0140124427103805	0.0257683169045036	0.00701329170077598	-0.0252030699546994	0.00791923453270853	-0.0094678193361536	-0.140558098536797
control_1h_rep3	0.176408068800323	-0.082347135133083	0.153026918794984	-0.0524834961034796	-0.079505523702847	-0.403384999665693	0.0318061741120319	0.295062698141139	0.00778024702438713	-0.0652840663808805	0.271911155776457	0.138990489810576	0.0127317992094386	-0.0360022499395211	0.150913596478141	0.00612054147297173	-0.167007683980406	-0.109681496734693	0.0140880073149487	0.0135818871887993	0.0771071064396856	0.00258429599319168	0.55123808116535	0.266873409825689	0.271727984690117	0.183473514313211	-0.0345877415475634	-0.0725486450882421	-0.0472657278415537	0.0122177425571475	-0.0290806521921179	-0.00775014407877967	0.000501984848110023	-0.135561179030582
control_1h_rep4	0.176435127741669	-0.0876703455990486	0.148280556460326	-0.0521354429029109	-0.0848956822206456	-0.401831549748934	0.0322878387024846	0.301245053767588	0.00637518283983498	-0.0705122135220733	0.262671889156007	0.144880565610856	0.0245682638153017	-0.0300273392780876	0.14611651713937	0.00163861108144937	-0.169128196763227	-0.0973028659149269	0.0141570582293029	-0.00664051972051121	-0.0648386846805225	0.00551681061788638	-0.559985310615899	-0.269215780700282	-0.276262875301021	-0.160025752070319	0.0309804588188175	0.0736068724232241	0.041118115785755	-0.0111079230231959	0.0336489767764776	0.0105194792942189	0.00302778468106386	-0.134794883400374
control_1h_rep5	-0.105179086582875	0.306534773340772	0.0517022617255245	0.0716075733394698	-0.0250291783786258	0.0133618173148101	0.0440987510380173	0.3875478167348	-0.225554131001152	0.0211463876097814	-0.168956563537395	-0.303414166491293	-0.142800609067576	0.00923651236741674	0.007415759057539	0.0428742899047075	0.0274180363759555	-0.0107121523124337	0.0129076917661178	-0.0446014550463904	0.0123177687581462	0.00754195100222929	-0.0739823324234225	-0.0434306529382209	0.22910387077086	0.0436781148918569	0.662601469304712	-0.0305908520798957	-0.0172746042391625	-0.049575303072821	-0.0173403960236428	-0.00791749419464497	0.00024534627447231	-0.178460465736552
control_1h_rep6	-0.103542736459937	0.302723863034391	0.050944279871308	0.0714284509178301	-0.0286038323573697	0.0159862765206155	0.0476560947829855	0.39073818160132	-0.229016667754189	0.0144842135613401	-0.175414976422101	-0.302347967078645	-0.147668419436824	0.0177380275984234	0.0184549760101684	0.0472065056851255	0.0285975315109256	0.00903319071912907	0.0270067660030867	-0.0763247026250586	-0.0199402529541658	-0.00194142566468791	0.0747147025685487	0.0465526658076025	-0.212262387403852	-0.0748912863524205	-0.656348272590312	0.032469140486709	0.0172530740772857	0.0597496256193882	0.0138127826427263	0.000263987632096642	0.00458110439011919	-0.179415586326735
control_1h_rep7	-0.113185817422407	0.0181298989452949	-0.134953008665771	0.0442929485939145	0.425524900381783	-0.176295533786905	-0.0267939434601903	-0.13509947330187	-0.0318424918313158	-0.00167910278262036	-0.151764446850897	0.22041856602027	-0.128619418591036	-0.0335279135032775	-0.0445096037542747	0.365933679414464	-0.176647959984074	0.158291465789105	0.577622485908621	0.127525855570839	0.0181297335536975	-0.00504162792726467	-0.016578117106366	0.00158486096846018	-0.0164945506590425	0.0639275775240257	0.00300621912737616	0.00410536852964673	0.00473510671254744	-0.00754158427890336	0.00398556374978503	0.000163862334253992	-0.00354205874187907	-0.313177892947236
treat_24h_rep1	0.0214658269979628	-0.3394738507315	-0.047775150135668	-0.236151491703131	-0.0344846145493399	-0.0531472898669589	0.0273459479346401	0.0519444948426666	0.0969954252525591	-0.352423127251065	-0.333246389257688	-0.168122656953979	-0.0323874489607511	0.0766244775741007	-0.0179376258112072	-0.0751349175302439	0.0501346856230402	-0.0618082126311276	0.00515419595034142	0.0915429188475351	0.00710967316534154	-0.019250153799701	-0.0292882398551678	-0.0112545143691341	-0.027012140075463	0.0196409042767424	-0.0187828470579965	-0.0467321244407756	0.0137941946131312	-0.0613350817860786	-0.699691076379046	-0.00686210247236513	0.00266715066115638	-0.139995961302687
treat_24h_rep2	0.0215444454244466	-0.341319368482583	-0.0446083498730391	-0.236034837793044	-0.0335435142671277	-0.0460039799552248	0.0222090417716863	0.0522228048511169	0.0946589049999871	-0.351790471741425	-0.331860014491339	-0.169495556724607	-0.0320739379099226	0.063165618146557	-0.0129546245202076	-0.0854410872375625	0.0599937582402964	-0.0626406857892686	0.0183512008007708	0.0802029507191872	-0.015293476162984	0.0228620961229573	0.032261620809672	0.0116095982456606	0.025292638080316	-0.00128030031390871	0.0214363737843422	0.0411407220391497	-0.00979220744995576	0.059670260107891	0.701981059650077	0.00520253901625946	-0.00483758283559378	-0.138949641288976
treat_24h_rep3	0.0115211915966846	-0.224502256318589	0.0824821463622139	0.0365599054046407	0.0964066488897877	0.081315155922057	0.0361945022959549	0.0160328973558387	-0.0136911484319539	0.238755236944929	0.072483914261158	-0.321892504137009	0.275782127562474	-0.0232666152172378	-0.580804429483358	0.00261793503602154	-0.54109894810753	-0.143261082156128	-0.0688734748031714	-0.019392192374384	0.00956209366311897	0.00498213125742689	-0.00751171474891623	0.00826914144283071	-0.0125803072264518	0.0313877161082138	-0.00883133992363183	0.00672696413789969	-0.017258136310517	0.00385777698564635	0.00514501436793091	-0.00434467500310278	-0.00182416601263201	-0.153473211793187
control_24h_rep1	-0.217652292273023	0.120561296719628	0.0889209068745449	-0.458561047063598	-0.126611704825863	0.0420045945967201	-0.125405889544211	-0.0067303473069666	0.110006575275396	0.15499701829342	0.119983959774727	0.0675455267819084	0.052703840956159	0.0156454911890269	-0.113595264421707	0.149722640569389	0.186063463518666	-0.119401091752751	-0.00316494970948251	0.0201388961826607	-0.0130967023406313	-0.00598462335784193	-0.00282363368756434	-0.00156811935003491	-0.00947707420808873	0.0174585176251618	-0.00663025948284184	0.00196674564119019	0.0103131949585588	-0.0171952651759364	-0.00113349106542715	-0.0119586126225134	-0.707292716355608	-0.205309006699253
control_24h_rep2	-0.217072234538023	0.117758806206652	0.0864294846482228	-0.459071226285126	-0.129672421361005	0.0446112175271621	-0.128056548773713	-0.0113257739978462	0.107056316747087	0.149841266151968	0.117005879330501	0.0695820884809824	0.0641520320649708	0.0176240586077389	-0.116496254131847	0.158362924549667	0.186239909647796	-0.120516644833747	0.00503260139607453	0.0155473185341636	0.0108666767367708	0.00153390761623466	-0.00384328967225535	-0.00333868064052939	-0.00587102481632126	0.012344744034921	-0.00111220533561426	-0.00489527642837725	-0.00859895231570589	0.0170431515739954	0.00317208466002678	0.0152957621818004	0.705696881510598	-0.203693086509285
control_24h_rep3	0.308327865766303	-0.0961945610786911	0.0645635959037662	-0.154290155281638	0.15789209558742	0.179655111115434	-0.128498968768794	-0.0544623276164479	-0.0127423489591011	0.161495507084546	0.0901359698121482	-0.216582082772795	-0.147808155614801	-0.283166730942431	0.218346848264696	0.00177761706426095	0.00626154671346626	0.162854590954405	-0.0608203851371209	0.0716634705594477	-0.00629648586612462	-0.0180168887678167	0.00141005222061699	0.0050660905712925	0.016758621751116	-0.0271292228950571	0.000765130591700737	-0.00404516789689429	-0.00567083437941666	-0.000338352754184873	-0.0109645465124512	0.704570045952453	-0.0102486296106882	-0.162911726822115
control_24h_rep4	0.310406239810291	-0.0987335594572067	0.0658850521544097	-0.153743003396419	0.151241153989275	0.177664969965112	-0.131303588884097	-0.0557425931979279	-0.0077478200446895	0.164709531013308	0.0907205652383926	-0.209027669458105	-0.145302478925383	-0.279198065065567	0.220657416797587	0.00219440140367087	0.0112159893185684	0.163530799315965	-0.0554435547297569	0.0708227978415343	-0.00305344644692462	0.00178682285431045	-0.00181872442995973	-0.00786505118907369	-0.00589176829955763	-0.0269094935317837	-0.000980336046118261	-0.000378397990266655	0.0151560105218296	-0.0041064822477805	0.00245092254004007	-0.708673794887614	0.0171724893674829	-0.160320803665641
treat_4h_rep1	-0.250716727579231	-0.0102285532509021	0.112357216031265	0.246221420461871	-0.040588762803	-0.0653910033918937	-0.130052281926237	-0.22802778540733	0.0964334667237815	-0.270705641849918	0.297608572501371	-0.245389724918872	-0.0942817009055537	-0.075866690489434	0.00977363605700661	-0.0236005773930589	0.0681004916820381	-0.0187515182110867	0.0109684133328898	-0.0173033191955463	0.00112959891041481	-0.00603112985568076	-0.00504721964854829	-0.0173014372824645	-0.00753337834166274	0.0139656056429184	0.0571179905087062	0.0186383582069898	0.0700308669707959	0.699105890815026	-0.0629523223319661	-0.00283126345557853	-0.0151155832832508	-0.186554149950237
treat_4h_rep2	-0.249045600455711	-0.00699531878739156	0.108805254727427	0.247374849309446	-0.0443591555055392	-0.0665812707445794	-0.136640374302265	-0.223777680812958	0.0896308162304689	-0.274233569467963	0.297062557192172	-0.252151423381568	-0.0966680071590607	-0.0730988738168441	0.00763080522177706	-0.0186818211668527	0.069004757951095	-0.0215384672911063	0.00144954768526388	-0.0399186848313609	-0.00475350650218859	0.0131874975480121	-0.00752702738192335	0.0155551493900147	-0.00504504374537167	0.0137050175596468	-0.0593624949007147	-0.0177452934871026	-0.0726016039137622	-0.696017777060588	0.0596060113968383	0.000470683489115857	0.0165884196467904	-0.186221919320867
treat_4h_rep3	-0.120316346572476	0.165184997111053	0.0762639183011971	-0.104601763987953	0.21551794672909	-0.151710101663556	0.0706780170517304	-0.0740085218970643	0.0528810443563421	0.178100254018438	-0.0364838364227722	0.0384806791288998	0.107075887920311	0.0308989453262062	0.00966066964104125	-0.847239090798824	0.0421515989508756	0.105657153555303	0.200083352572011	-0.00871708875113582	0.0130166178144087	0.0148302947313669	-0.000515711374934062	0.00162653380498356	0.00999708066968952	-0.0186009484743249	-0.00424944419565783	-0.00916273483494364	0.00161888669560228	-0.00634126959392347	-0.00658261837358396	0.000223471999363588	0.00491951931557367	-0.199469514331986
treat_4h_rep4	-0.0187016467167334	-0.0416531179386035	0.0826890199457807	0.160728558084424	0.158256552179978	0.0932258301777558	0.180829791564461	0.0340132459891518	0.1274399128869	0.0645500553953752	-0.0268200790302167	-0.174367726411423	0.730290502781621	0.179785552158749	0.420272826707965	0.194361716448691	0.181114801572031	-0.0132174566584035	0.0442666922645788	0.0166112307881109	-0.0169940539144674	-0.00862018704715894	0.0100362050021955	-0.0056179470391923	0.0020764929712005	-0.00508723895384086	0.00346457550322567	0.00864835894433049	-0.0040922541453767	-0.00319194974254948	-0.00106333489269897	0.00128668473556142	-0.00474545682967783	-0.173753844111024
control_4h_rep1	-0.108614447348885	-0.167322814164696	0.157595075179249	0.156280010386503	0.0543961194071971	0.351948323665231	0.209486408938317	0.253303234137555	0.229716784094503	-0.00853253537365064	0.0588464330520924	0.255902060199785	-0.152547232785865	-0.0353857638107481	-0.0500358293277182	-0.0361550915087315	0.0545178261484795	0.0322170482165957	-0.0245148832758478	0.0134026804335359	-0.0170701296382177	-0.0439854414741085	-0.403636809447814	0.456301312831644	0.326778038079692	0.0459080531772827	-0.125542356428118	-0.0230788001320364	-0.00399274936162836	0.0194072280726692	0.00179231021929143	-0.00857467561183021	0.00286514471795404	-0.148777801924717
control_4h_rep2	-0.109581188896974	-0.170086441403073	0.155020385729198	0.152591035523813	0.0518683955337079	0.352635583807692	0.206626535717367	0.260109552342414	0.225751174219911	-0.00533091597268649	0.0664580228885053	0.246169317237147	-0.161637904560898	-0.0325114549199303	-0.0565369698062465	-0.0431022044899608	0.0432994289840449	0.0420478913327778	-0.00557809529907431	0.00287612413503294	0.0154307826684506	0.032750465119649	0.399964733851125	-0.462770504245482	-0.329536766879871	-0.0106775080371486	0.124873188306209	0.0224012086136937	0.00833500356957808	-0.0275028248047671	-0.00279450065915039	0.00971647120326922	0.00300280007071164	-0.145758255664839
control_4h_rep3	-0.0725663191266177	-0.266349941940069	0.174839568815712	0.161726821575332	-0.138313362479348	0.0229335064101153	-0.276521741818573	-0.0498455387136345	-0.391322836113774	0.142002984131819	-0.140994157877529	0.179570589084017	0.0518959329428483	0.0268984174537409	0.0413314287425786	-0.0481195843672915	0.0764779311775551	-0.0597016351560347	-0.0277687098869681	-0.0117278322765378	0.0172352876505837	-0.0126318120209666	0.0146591623085096	0.0062631760461845	0.00812849486424121	0.0667193166577555	0.00128167113965221	-0.122316312508505	0.690122400259154	-0.0639321026072137	0.0225780860046019	0.0117740264453784	0.00806026727891116	-0.154969526076872
control_4h_rep4	-0.0686221132505774	-0.267924640429729	0.173450459938366	0.156807436312883	-0.141492670171194	0.0220941406415944	-0.281010305529047	-0.0466261859367804	-0.387254523671754	0.137428593634332	-0.14474288307402	0.188511076876094	0.0424255321330975	0.0208121974454413	0.0407887537126874	-0.0488772387416219	0.0995402310797664	-0.0328461275060984	-0.01415620854604	-0.00393515539878327	-0.0113006173972637	0.025303918885747	-0.0219940304124329	-0.0059582309133166	-0.0303922290719809	0.00449318933045955	0.000290575523141729	0.115393113877894	-0.692748357217532	0.0666370177793122	-0.0263151230098718	-0.00772932165443909	-0.0118051356090415	-0.153548385718037
control_4h_rep5	-0.0510291505919234	0.0968363450915593	-0.159676616751125	0.00188838304032189	0.463355152752212	-0.160341366291022	0.063251401783492	-0.116211861239901	-0.049398024997038	-0.0703971821556153	-0.121627119083777	0.206540994651129	-0.0425531565848094	-0.0601331270545148	0.00952517879704271	0.0528663457354077	0.020335640973851	-0.178837934910385	-0.666258503322412	-0.270647602692321	-0.00483188648555963	0.00847360082558321	0.00399663550354844	-0.00748366344298817	-0.0142392406463114	0.0276574967306145	-0.00058314531178715	0.00613339669528177	-0.00958984394777411	0.00889687584461285	0.00467402288930205	-0.00441601221040017	0.00327600408098435	-0.283728074330257
