Comp.1	Comp.2	Comp.3	Comp.4	Comp.5	Comp.6	Comp.7	Comp.8	Comp.9	Comp.10	Comp.11	Comp.12	Comp.13	Comp.14	Comp.15	Comp.16	Comp.17	Comp.18	Comp.19	Comp.20	Comp.21	Comp.22	Comp.23	Comp.24	Comp.25	Comp.26	Comp.27	Comp.28	Comp.29
puspX8103	-0.186617653602104	0.100179077359547	0.185516872584595	-0.272083078274759	-0.117418821564803	-0.0708944699078602	-0.0686894738155263	0.276814153563869	0.164325368047962	-0.0305482083995367	-0.0615780640682118	-0.0637554398497031	-0.266567961740337	-0.0446681106355011	-0.207877171603891	0.551041249676835	-0.470116495268422	-0.0340667094782314	0.0298117320541386	-0.197940064265797	-0.0674560096863715	-0.00637626430220001	-0.00985220554684201	0.00866837756311872	0.0181935174767482	-0.0190965391324423	-0.00841358923748321	-0.000472980558762568	-0.151855520149085
puspX8107	-0.222776616764255	0.0669073772230947	0.0192188016173646	-0.265057484799049	-0.103392497934958	-0.0516726223933485	-0.100515369745121	0.145720105797199	0.350970050443762	0.0685559229038273	-0.0817444849153783	-0.402881374838298	-0.153977259930417	0.0210074734634165	0.102735740250545	-0.217741623282601	0.565182986156716	0.00633110300136366	0.0639497398604071	-0.293250456586073	-0.0747629960468673	-0.0175893779315961	-0.0474319584991038	0.0211107396803959	0.0310855364939542	-0.0148934222089294	-0.0182726214881135	-0.0101203437154414	-0.178335386472993
puspX8111	-0.178085873542731	0.218364900480153	0.22308885863438	-0.204526685953831	-0.0805686085476029	-0.0519156999797373	0.0639943390111761	-0.00414046958138937	0.0653801362741796	0.0711475203515813	0.292087870855388	-0.298657474743306	0.385480733985776	0.0954625050787779	0.211171371062534	0.125855300584465	-0.0316108675624911	0.0281594815029386	-0.107078431422575	0.574751395591958	0.149505756650846	0.0303347738374836	0.062520258631805	-0.0344320172543659	-0.0667755335736856	0.0389288444380649	0.0192127133207119	0.00317455435730311	-0.188139799715145
puspX108	0.0484041496515455	0.33912995552592	-0.225806976663101	0.110279157915129	0.140409451899548	0.0986709618220332	0.129028313733247	0.0894094395781402	-0.0898327228638855	0.220472011504967	0.309405891500309	-0.0138599463782977	-0.281445577348537	0.0147659067161637	-0.04524110176397	-0.033441152803007	-0.00897829772405951	-0.0104027155915632	-0.0940318832025454	0.0772762766744799	-0.168701284309059	0.375931711446146	-0.55500476451802	0.0195343240950835	0.0165241287035257	-0.0892762619072283	-0.0023581266694521	-0.000954295379789621	-0.169584763221671
puspX118	0.120559441572136	-0.184791925160755	-0.129173269594841	-0.221816380494761	0.299764993512228	-0.25883742652189	0.415863405865501	-0.0669632000288427	0.122000923243297	-0.101895871725122	-0.00566766589993325	0.00700037233143252	0.00911968288012471	0.0111885776736478	-0.000760830679059497	0.0345213150579142	0.0027652432871257	-0.0178765582332	-0.0340885779971751	0.00571107900304067	0.0172210287519042	-0.0268925074679199	0.0882615078812383	0.150962561037461	-0.178601492333315	-0.660170495955952	-0.0064244418496569	0.00948690659275242	-0.153041716373548
puspX128	0.128449117097893	-0.12363252100585	-0.126161854676989	-0.31085015596257	0.217524240938873	0.0555465610277691	-0.448134498734138	-0.200986555474504	-0.0784629610864171	0.163176635849113	0.0721571921376148	0.0332123401564327	0.0392882250273491	0.0339597186091671	-0.00575653170254258	0.0551623446182254	-0.0250064277362247	-0.0306902996663669	0.613810415865544	0.188707108670553	-0.2543845351608	-0.113401526431534	-0.0788583187959698	0.0205427654863874	-0.0115256470364971	-0.0352991175769957	-0.0130061554339099	-0.00240902325023993	-0.139558397624012
puspX130	-0.159466320080969	-0.229180142829031	-0.274211572175075	0.0263704851344049	-0.101759426084524	-0.136513364905812	-0.0961301794745814	0.40695008885075	-0.23541137538722	-0.125473557259621	0.125288394534176	0.0390682270472654	0.135768430073071	0.0254169263986641	0.0367943705512432	-0.0626077274014883	-0.0164781434909077	0.0036935199014274	0.0197954969542456	0.046434230014258	0.0270058491396416	0.113772474491792	0.102637303175961	0.5210815051179	0.446026293001012	0.00831745527666819	0.0123774964392916	0.00836228503729354	-0.178275755526543
puspY108	0.0473403865121999	0.338854464709011	-0.229880379517968	0.10458446347551	0.141225350891033	0.0939008951655515	0.121333408588047	0.0844992391089804	-0.0916021365354467	0.222606725573944	0.302723187459933	-0.0221849236142371	-0.295916615458501	0.0206322889284559	-0.0501968372122793	-0.030404658633383	0.00664880874442989	0.00255901112950778	0.0949102839585594	-0.0650015955981631	0.168156885447674	-0.377832017108021	0.553082798778492	-0.016231425640147	-0.0153612456768836	0.0872226227087393	0.00937637090244254	0.00258638086765332	-0.16910039435074
puspY118	0.119348034159208	-0.181914983580892	-0.132744026947679	-0.223059878499316	0.299382108509451	-0.262689078123925	0.412965278413667	-0.0682382254647373	0.121801820873672	-0.112200590735181	0.00245096697801582	0.00481448403412814	0.00666391369792556	0.00870607427094357	-0.00520931405602405	0.0364064090494085	-0.0128062308860179	0.00768486046691424	0.0355235838730641	-0.0228095867451373	-0.0239976021315703	0.0185283068754538	-0.0935213620025434	-0.151991161193412	0.177393373931741	0.65797159450483	0.0035404467838842	-0.00679183002426372	-0.152649999305945
puspY128	0.131489163592909	-0.122228715688727	-0.128788685623431	-0.308625609267389	0.218642315292755	0.0538651966975659	-0.447380534821205	-0.195103271625904	-0.0747563884064449	0.165074606342487	0.0784803708726614	0.0313560102615537	0.0387494339659749	0.0196543901347714	-0.0210070457169478	0.0751160031498901	0.00824374329826509	0.0314940780415352	-0.611750207472004	-0.203973295588289	0.249034013468721	0.118988990418666	0.0717140861118137	-0.0237356297842809	0.0109615854932427	0.032137601402814	0.0128950106356138	0.00627981123254328	-0.137540160884748
puspY130	-0.161640416490969	-0.228009169506015	-0.27786063856294	0.0254973543410662	-0.104101416659219	-0.120712018593551	-0.091388633947642	0.409776606152411	-0.236688646887845	-0.124025902858388	0.116448271352113	0.043667050287871	0.130776360139866	0.0156887707126912	0.0204613534077925	-0.0650494988231009	-0.0061739145995909	0.000780555670570268	-0.0115199932290219	-0.0583114673789605	-0.0180522784837528	-0.106851403189134	-0.0977666419749976	-0.526805774469179	-0.446730410650878	-0.0133092974671021	-0.00817828291819244	-0.00865982779754158	-0.176624358669352
puspX6110	-0.217705364386004	-0.0251584431638683	0.100831618039422	0.271664075097968	0.222772518100766	-0.0372979979107998	-0.104207045228913	-0.0700992963358931	0.0970424436296212	0.00468523397780638	-0.100985637870185	0.18033478641419	-0.0945952275173545	-0.593453805074367	0.521756728387556	0.0625831694514841	-0.0386431845380468	0.0173780618414434	-0.00302489599937044	0.0148425086149194	6.80261620471362e-05	0.00230442729379881	0.0090948511129477	-0.00566327907292384	-0.00194929222543681	0.00159937519039921	0.00114238810341261	0.00223503664071963	-0.331079217036667
puspX6132	-0.255023224364294	-0.00408841333166912	0.0660061763409556	0.258246243257534	0.126836373214367	-0.0734056312600257	-0.0619317391666967	-0.160622440704953	0.146655744590683	0.0690142986071236	-0.0418520688931033	-0.0812006435982432	0.25313812601488	-0.188191700311578	-0.706723207803291	-0.254034931594318	-0.0810167370297716	-0.0137068997965557	-0.00342206264060209	0.0243782137243384	0.00610399558754296	-0.0056354441999476	0.000977836598357531	0.00102519164945844	0.00730071833078629	-0.00265653164561177	0.00194430469715089	-0.00387637020554427	-0.327379393905276
puspX8104	0.134298599102475	0.0848420364686907	0.327644746642175	-0.162521525290217	0.0210164006072853	0.028836475438086	0.0163009926691066	0.233092956789094	-0.156282248983222	-0.093989012741985	-0.0397617395924613	0.486502318695813	-0.0904599632298237	-0.126608395396651	-0.279299835907525	0.185816254798913	0.544357910866109	0.0261065575276188	-0.0262402239290832	0.232994391788091	0.0536727924966778	0.00559304468283151	0.0131682870983157	-0.00152122238457993	-0.0168017915231243	0.0194574047395204	0.00354482173205131	-0.00827832642085116	-0.145072332903692
puspX8108	0.130904309030191	0.100297161547821	0.297992597466008	-0.267041380689436	0.0415131660592718	-0.0395628919043893	-0.0686851641951271	0.215102722720673	0.0165851429153412	-0.0389861724519449	-0.145099024249937	0.164876777388385	-0.206054162684313	0.101287099745944	0.0932740897679713	-0.685514661982147	-0.377277753226092	0.015945169373819	-0.0366761612459949	0.114169973577784	0.0498234261060862	0.00487119592368098	0.0118066766166467	-0.0056030005840722	-0.0164576254764584	0.00820383430551517	0.0154056479880986	0.00714500121555078	-0.12946611995781
puspX8112	0.111159235900568	0.178336866291628	0.382153438500897	-0.016187223365389	0.02369938587287	-0.0146576638536374	0.120446662444095	-0.0325247138364374	-0.237850471858066	0.0370094309806681	0.284177237539665	0.108366111449918	0.44243474772858	0.06645563571963	0.126871508813554	-0.0227421243774017	-0.0223714477811175	-0.0241454344305356	0.109566927561511	-0.593076953097207	-0.147039864444867	-0.0333784054748454	-0.0532562659644055	0.0243156085562625	0.0571121100744629	-0.0378465753327534	-0.021248429414229	-0.00314045449871921	-0.172705363855591
puspX107	0.117053334239963	0.30890509472859	-0.252931711513189	-0.0763252629147892	0.00289614376440339	0.243843077385826	0.0347197341353241	0.0428805964585094	-0.036627616229909	-0.177237028376921	-0.377771689799829	-0.0395465718131818	0.22858494692174	-0.0387687632500874	0.0201087181705044	0.0397942525518778	-0.0300863836095627	-0.0029561589845424	-0.025618107177412	-0.046909647510481	-0.0325900598474868	-0.0348621245346653	-0.0497972588257318	0.443450749663094	-0.490693500700313	0.228635898888349	-0.0115973341255966	-0.00323560329903296	-0.165578255964325
puspX117	0.228179089479868	-0.0562143277853163	-0.0239181047474621	0.0749868450175978	-0.244068737077265	-0.230580848135086	0.0683141477752814	0.0453166071602654	-0.0366041599178088	0.484327140846873	-0.241194998381654	-0.00631946686865525	0.0545987334219617	-0.00338039159328353	0.0113958938748496	0.0608042814203273	-0.0243606678626975	0.705256870207302	0.0319605048348451	0.00371304757915202	-0.0180499787435042	0.0208609029404833	0.00635333863092782	-0.00189824719356551	-0.00883722205810412	-0.00895182350665358	0.00915336417071957	0.00123805402927489	-0.134573853998734
puspX127	0.205266244665826	0.158858030102039	-0.0271252523412209	0.0731732338826122	-0.240790738624512	-0.347327526004246	-0.147216879157742	-0.237847710306078	-0.078319467814286	-0.324318229766887	0.0852122057891374	-0.0900461352959342	-0.147511008675275	-0.0410931967299594	-0.0171647141997675	0.0124779334382836	0.0142212844488187	-0.00248571099041768	0.293948719271773	-0.0913227513089675	0.591104388820614	0.193841644382227	-0.114254902241248	0.000320729725959822	-0.059569714361095	-0.0104253156416836	0.00315372156314871	0.00649858579850333	-0.142821235442139
puspX129	0.243128863129303	-0.140076979039504	-0.0762659226677556	0.0570458378988448	-0.243102045917018	0.222604233509931	-0.00633706659689349	0.040055806557652	0.435075905563795	-0.0418190735409377	0.227316016308122	0.172030668979151	0.0721197665002723	-0.013342973709155	0.015586955314549	0.00227009283492222	-0.0482184245970057	0.0111770521671606	-0.0907789983645291	0.0219505232026526	0.163542672938031	-0.543185541011895	-0.382369091977662	0.0806662107804994	0.118907461721161	-0.0382863076524458	0.0171686033937592	0.00220903377329555	-0.14959558563979
puspY107	0.117222217845845	0.311519630673864	-0.250091924977199	-0.0855062923178275	-0.0057889473657933	0.243223051396501	0.0378913335626754	0.0379337339100957	-0.0323014045176118	-0.179473491060055	-0.37469741531831	-0.0358560142458667	0.22074639658997	-0.0327803748304064	0.0249981001247846	0.0367591858509182	-0.0229193437655113	-0.00101087051295482	0.0296781756248942	0.0217815233435327	0.0329399827702042	0.0336457835235469	0.0490985797793588	-0.437897650171064	0.502022483054839	-0.230177701001426	0.00346698344397865	0.000885488215531833	-0.165194119543086
puspY117	0.229796850561429	-0.0563473879096374	-0.0103720082354873	0.0698120856313658	-0.241407291893471	-0.232505892498447	0.0575597010307135	0.0527976802753662	-0.0481686016822356	0.482257169528871	-0.246528082565772	-0.0027414507578115	0.0520348018539522	-0.0181166184005285	0.0439628140127208	0.0363511761010492	0.016448731465557	-0.703623376258081	-0.0380623667426369	0.0498363326758284	0.0256279200925726	-0.000168154046091707	0.00818277429742086	-0.00771228073879669	0.00203864446051131	0.0219103736068663	-0.0119306095002166	0.000366519347853249	-0.133922911422069
puspY127	0.20567140953962	0.159039863072497	-0.0323690894452814	0.0686479524806907	-0.243079544964494	-0.347481629128231	-0.150716495073323	-0.231214454477998	-0.0868855182730382	-0.325213952078706	0.0846044555785088	-0.0870181361710197	-0.137679880998203	-0.0345753923875622	-0.00952280271697695	-0.0137907217646789	0.0255311740135749	0.00533969388505499	-0.29951085402788	0.112037451555282	-0.589295837433067	-0.193792676580563	0.10900062833944	-0.00230958275085125	0.0458630335130849	0.00331732973854298	-0.00169384252687443	-0.0134109701723535	-0.142179145762093
puspY129	0.246043165554453	-0.13578275701317	-0.0718867843121954	0.0507661264910173	-0.231352586539732	0.230888472095988	-0.0024118168727293	0.0375456848396156	0.438853942920903	-0.0582530570610636	0.230606445655131	0.167823174378331	0.0665420072208588	-0.015419583490771	0.00172662012348137	-0.0206006253139993	-0.0278812703572187	-0.0231831679419083	0.0931192077732575	-0.0279820130347908	-0.165641726494407	0.536427081914969	0.390419332249068	-0.0766896865355224	-0.120964185994622	0.0396252892856458	-0.0176880948446664	0.00129640972520542	-0.147725965458713
puspX119	0.235438847289191	-0.254500274227308	0.2134166226942	0.149061753031546	0.0833081838801176	0.247936200833354	0.0342417615160716	0.077568862231836	-0.175586804642054	-0.0900791318977628	-0.0339811211412281	-0.377015953092649	-0.12354133930421	0.00862942642025258	-0.0199432551534268	0.0489992473120931	0.0148922961191667	0.00229777212900618	-0.00627540366862081	0.0330774221308009	-0.00565443616333722	-0.0035197434933864	-0.00169878255295912	-0.00887344354365628	-0.00422038535794897	0.00942645361976616	0.028394165676978	0.704728083217963	-0.192386685142547
puspX131	-0.246301727488867	-0.136072092533184	-0.0347227388078915	-0.186537420149653	-0.302375680542257	0.211888939470671	0.207845351511661	-0.307655173803544	-0.209530771035793	0.0294740089449216	-0.00429499553662781	0.0988749930953416	-0.139047079364387	-0.00532215257095197	0.00181934405801919	-0.0620610970603224	-0.0238679867527207	0.0112098704032809	-0.017333084745949	0.0107597550003127	0.0175195839183112	-0.00845975424423453	-0.000821762823630314	0.00784566800377006	0.0136619752003666	0.00595811186859827	-0.704765343182674	0.030871731824804	-0.182847022188244
puspY119	0.234821641111054	-0.259376463257595	0.209747760225506	0.147798885600063	0.0857262896541761	0.251193934793832	0.0366832312251455	0.0733264220025417	-0.175455176735646	-0.0843309169848608	-0.0320678731900966	-0.370699891396627	-0.124731019131098	0.0136762719100933	-0.0105742790638646	0.0452340040568503	-0.00358116917508436	0.00429365902744648	-0.00845819567704808	0.0384844432262646	0.0199832825783952	0.00293095323377228	0.00435447507360406	0.00399760115310584	0.00407760600350515	-0.00539851986445555	-0.0264018441593608	-0.707766940125524	-0.191376158272558
puspY131	-0.244937455155245	-0.135268482194296	-0.0352993821298362	-0.190648844119079	-0.305231877195086	0.212883207987637	0.209991942915994	-0.308410329162942	-0.204689852297754	0.0300618822496035	-0.0112272601528344	0.0930531391085114	-0.132773905528791	-0.0099014054069095	0.00132667623958896	-0.0513104942637346	-0.00952939116445012	-0.0142958896645077	0.0126634093854652	-0.0300331080741858	-0.018804196089628	0.0120406922749818	-0.000356892817111807	0.00424556199019233	-0.0126109868550804	-0.00268674088276513	0.706128300097153	-0.0250288122384066	-0.182163521137539
puspX6109	-0.193727706916096	-0.00583624835388493	0.0610498418634308	0.324631410784306	0.136609309774583	-0.0399410403357341	-0.0927808887195588	-0.105649096827061	0.122276111161615	-0.0529644889144672	-0.192809844081847	0.221567587393693	-0.0832908437906883	0.748505378935342	0.126758210585311	0.136456477458871	0.0537815629538273	-0.00475707643859938	-0.00963209167255554	0.0128354573307081	0.0037663846253935	0.00638900548246124	0.00103090388382592	-0.00545598672925129	-0.0065489413294357	0.00474410698716959	0.00302698696879781	0.00267140626126917	-0.322560262412369
