Comp.1	Comp.2	Comp.3	Comp.4	Comp.5	Comp.6	Comp.7	Comp.8	Comp.9	Comp.10	Comp.11	Comp.12	Comp.13	Comp.14	Comp.15	Comp.16	Comp.17	Comp.18	Comp.19	Comp.20	Comp.21	Comp.22	Comp.23	Comp.24	Comp.25	Comp.26	Comp.27	Comp.28	Comp.29
puspX107	-0.117053334239962	0.308905094728591	-0.252931711513188	-0.0763252629147879	0.00289614376440303	0.243843077385826	0.034719734135322	0.0428805964585093	-0.036627616229905	0.17723702837692	0.37777168979983	-0.0395465718131785	0.228584946921739	-0.0387687632500887	-0.0201087181705038	-0.0397942525518781	0.0300863836095632	-0.00295615898454381	-0.0256181071774139	0.0469096475104777	-0.032590059847489	0.0348621245346758	-0.0497972588257235	0.443450749663087	0.490693500700313	-0.228635898888358	0.0115973341255965	0.00323560329903338	0.165578255964326
puspX117	-0.228179089479869	-0.0562143277853158	-0.0239181047474622	0.0749868450175974	-0.244068737077265	-0.230580848135086	0.0683141477752804	0.0453166071602677	-0.0366041599178161	-0.484327140846874	0.241194998381654	-0.00631946686865355	0.0545987334219613	-0.00338039159328103	-0.0113958938748455	-0.060804281420328	0.0243606678626953	0.705256870207301	0.0319605048348427	-0.00371304757915062	-0.0180499787435072	-0.0208609029404832	0.00635333863092722	-0.00189824719356507	0.008837222058106	0.00895182350665186	-0.00915336417071832	-0.00123805402927576	0.134573853998733
puspX127	-0.205266244665826	0.15885803010204	-0.0271252523412205	0.0731732338826105	-0.240790738624512	-0.347327526004249	-0.147216879157738	-0.23784771030608	-0.0783194678142802	0.324318229766887	-0.0852122057891358	-0.0900461352959338	-0.147511008675275	-0.0410931967299585	0.0171647141997683	-0.0124779334382833	-0.0142212844488187	-0.002485710990414	0.293948719271759	0.0913227513089764	0.591104388820615	-0.193841644382233	-0.114254902241263	0.000320729725964454	0.0595697143610942	0.0104253156416789	-0.00315372156314811	-0.00649858579850511	0.142821235442139
puspX129	-0.243128863129303	-0.140076979039503	-0.0762659226677552	0.0570458378988442	-0.243102045917019	0.22260423350993	-0.00633706659689259	0.0400558065576549	0.435075905563796	0.0418190735409346	-0.227316016308125	0.172030668979148	0.0721197665002721	-0.0133429737091547	-0.0155869553145481	-0.00227009283492409	0.0482184245970055	0.0111770521671615	-0.0907789983645367	-0.021950523202666	0.163542672938032	0.543185541011898	-0.382369091977661	0.0806662107804975	-0.118907461721165	0.0382863076524423	-0.0171686033937601	-0.0022090337732954	0.14959558563979
puspX108	-0.0484041496515448	0.339129955525921	-0.225806976663099	0.11027915791513	0.140409451899547	0.0986709618220361	0.129028313733246	0.0894094395781408	-0.0898327228638908	-0.220472011504965	-0.309405891500311	-0.0138599463783005	-0.281445577348534	0.0147659067161639	0.0452411017639697	0.0334411528030081	0.00897829772405984	-0.0104027155915649	-0.0940318832025412	-0.0772762766744784	-0.168701284309082	-0.375931711446137	-0.555004764518018	0.0195343240950934	-0.016524128703524	0.0892762619072256	0.00235812666945129	0.00095429537978996	0.169584763221671
puspX118	-0.120559441572137	-0.184791925160755	-0.129173269594843	-0.221816380494758	0.29976499351223	-0.258837426521887	0.415863405865503	-0.0669632000288357	0.122000923243298	0.101895871725119	0.00566766589993481	0.00700037233143257	0.00911968288012391	0.0111885776736496	0.000760830679058469	-0.034521315057913	-0.0027652432871258	-0.0178765582331991	-0.0340885779971738	-0.00571107900303949	0.0172210287519091	0.0268925074679173	0.0882615078812401	0.150962561037475	0.178601492333298	0.660170495955949	0.00642444184965647	-0.00948690659275368	0.153041716373548
puspX128	-0.128449117097893	-0.12363252100585	-0.126161854676991	-0.310850155962567	0.217524240938875	0.0555465610277652	-0.448134498734137	-0.200986555474508	-0.0784629610864161	-0.163176635849111	-0.0721571921376166	0.0332123401564323	0.0392882250273505	0.0339597186091676	0.0057565317025447	-0.0551623446182267	0.0250064277362247	-0.0306902996663661	0.613810415865558	-0.188707108670515	-0.254384535160791	0.113401526431541	-0.0788583187959662	0.0205427654863841	0.0115256470364951	0.0352991175769968	0.0130061554339103	0.00240902325023929	0.139558397624012
puspX130	0.159466320080969	-0.229180142829031	-0.274211572175074	0.026370485134407	-0.101759426084524	-0.136513364905812	-0.0961301794745856	0.406950088850747	-0.235411375387222	0.125473557259624	-0.125288394534174	0.039068227047265	0.13576843007307	0.0254169263986632	-0.036794370551244	0.0626077274014876	0.0164781434909079	0.00369351990142867	0.0197954969542516	-0.046434230014258	0.0270058491396382	-0.113772474491791	0.10263730317596	0.521081505117902	-0.446026293001017	-0.00831745527668943	-0.0123774964392905	-0.00836228503729481	0.178275755526542
puspX119	-0.235438847289192	-0.254500274227307	0.213416622694201	0.149061753031545	0.0833081838801162	0.247936200833356	0.03424176151607	0.0775688622318334	-0.175586804642055	0.0900791318977644	0.0339811211412306	-0.377015953092649	-0.123541339304209	0.00862942642025014	0.0199432551534268	-0.0489992473120931	-0.0148922961191672	0.00229777212900542	-0.00627540366862023	-0.0330774221308011	-0.00565443616333867	0.00351974349338654	-0.00169878255295877	-0.00887344354365761	0.00422038535794986	-0.00942645361976654	-0.0283941656769778	-0.704728083217963	0.192386685142547
puspX131	0.246301727488867	-0.136072092533185	-0.034722738807894	-0.186537420149657	-0.302375680542256	0.211888939470671	0.207845351511663	-0.307655173803543	-0.20953077103579	-0.0294740089449199	0.00429499553662745	0.0988749930953416	-0.139047079364386	-0.00532215257095189	-0.00181934405801967	0.0620610970603227	0.023867986752721	0.0112098704032804	-0.0173330847459497	-0.0107597550003134	0.0175195839183102	0.00845975424423448	-0.00082176282363182	0.00784566800376938	-0.013661975200366	-0.00595811186859779	0.704765343182675	-0.0308717318248025	0.182847022188243
puspX6109	0.193727706916096	-0.00583624835388523	0.0610498418634331	0.324631410784306	0.136609309774581	-0.0399410403357335	-0.0927808887195563	-0.105649096827061	0.122276111161617	0.0529644889144655	0.192809844081845	0.22156758739369	-0.0832908437906881	0.748505378935345	-0.126758210585311	-0.136456477458867	-0.0537815629538269	-0.00475707643860039	-0.00963209167255539	-0.0128354573307095	0.00376638462539221	-0.00638900548246086	0.00103090388382572	-0.00545598672925145	0.00654894132943583	-0.0047441069871708	-0.00302698696879784	-0.00267140626126947	0.322560262412369
puspX6110	0.217705364386004	-0.0251584431638688	0.100831618039424	0.271664075097969	0.222772518100765	-0.0372979979108006	-0.104207045228912	-0.0700992963358932	0.0970424436296217	-0.00468523397780815	0.100985637870184	0.180334786414194	-0.0945952275173594	-0.593453805074365	-0.521756728387554	-0.0625831694514941	0.0386431845380461	0.0173780618414475	-0.00302489599936821	-0.0148425086149191	6.8026162047409e-05	-0.00230442729379823	0.00909485111294717	-0.0056632790729242	0.00194929222543634	-0.00159937519039904	-0.00114238810341244	-0.0022350366407192	0.331079217036667
puspX6132	0.255023224364294	-0.00408841333166979	0.0660061763409572	0.258246243257535	0.126836373214365	-0.073405631260026	-0.0619317391666941	-0.160622440704953	0.146655744590684	-0.0690142986071247	0.0418520688931024	-0.0812006435982415	0.253138126014881	-0.188191700311583	0.706723207803289	0.254034931594322	0.0810167370297703	-0.0137068997965578	-0.0034220626406021	-0.024378213724339	0.00610399558754276	0.00563544419994622	0.000977836598359023	0.00102519164945829	-0.00730071833078645	0.00265653164561298	-0.00194430469715053	0.00387637020554315	0.327379393905276
puspX8104	-0.134298599102475	0.0848420364686908	0.327644746642174	-0.162521525290219	0.0210164006072859	0.0288364754380873	0.0163009926691039	0.233092956789093	-0.156282248983221	0.0939890127419861	0.0397617395924575	0.486502318695814	-0.0904599632298249	-0.126608395396646	0.279299835907527	-0.185816254798911	-0.544357910866111	0.0261065575276164	-0.0262402239290709	-0.232994391788093	0.0536727924966728	-0.00559304468283588	0.0131682870983152	-0.00152122238458109	0.0168017915231254	-0.0194574047395186	-0.00354482173204978	0.00827832642085112	0.145072332903692
puspX8108	-0.13090430903019	0.100297161547821	0.297992597466007	-0.267041380689437	0.0415131660592739	-0.0395628919043891	-0.0686851641951295	0.215102722720672	0.0165851429153415	0.0389861724519428	0.145099024249934	0.164876777388386	-0.206054162684312	0.101287099745939	-0.0932740897679752	0.685514661982147	0.377277753226091	0.0159451693738212	-0.0366761612459874	-0.114169973577788	0.0498234261060829	-0.0048711959236828	0.0118066766166452	-0.00560300058407266	0.0164576254764579	-0.00820383430551612	-0.015405647988099	-0.00714500121555212	0.129466119957811
puspX8112	-0.111159235900568	0.178336866291627	0.382153438500897	-0.0161872233653913	0.02369938587287	-0.0146576638536368	0.120446662444096	-0.0325247138364393	-0.237850471858067	-0.0370094309806622	-0.284177237539661	0.108366111449916	0.44243474772858	0.0664556357196287	-0.126871508813555	0.0227421243774003	0.0223714477811184	-0.0241454344305341	0.109566927561477	0.593076953097216	-0.147039864444855	0.0333784054748564	-0.0532562659644024	0.0243156085562649	-0.0571121100744657	0.0378465753327493	0.0212484294142279	0.00314045449872039	0.172705363855592
puspX8103	0.186617653602104	0.100179077359546	0.185516872584594	-0.27208307827476	-0.117418821564801	-0.0708944699078609	-0.068689473815529	0.27681415356387	0.16432536804796	0.0305482083995342	0.0615780640682107	-0.0637554398497038	-0.266567961740339	-0.044668110635496	0.207877171603897	-0.551041249676833	0.470116495268422	-0.0340667094782311	0.0298117320541259	0.1979400642658	-0.067456009686367	0.00637626430220274	-0.00985220554683958	0.00866837756311911	-0.0181935174767485	0.019096539132442	0.00841358923748283	0.000472980558762597	0.151855520149085
puspX8107	0.222776616764255	0.0669073772230939	0.019218801617363	-0.265057484799049	-0.103392497934956	-0.0516726223933496	-0.100515369745122	0.145720105797202	0.35097005044376	-0.0685559229038327	0.0817444849153788	-0.402881374838299	-0.153977259930417	0.0210074734634144	-0.102735740250547	0.217741623282601	-0.565182986156715	0.00633110300136237	0.0639497398603912	0.293250456586077	-0.0747629960468604	0.0175893779316021	-0.0474319584991023	0.0211107396803972	-0.0310855364939552	0.0148934222089268	0.0182726214881134	0.010120343715442	0.178335386472993
puspX8111	0.178085873542731	0.218364900480152	0.223088858634379	-0.204526685953833	-0.0805686085476019	-0.0519156999797387	0.063994339011177	-0.00414046958138756	0.0653801362741764	-0.0711475203515797	-0.292087870855384	-0.298657474743308	0.385480733985778	0.0954625050787753	-0.211171371062534	-0.125855300584467	0.0316108675624915	0.0281594815029383	-0.107078431422543	-0.574751395591966	0.149505756650834	-0.0303347738374937	0.0625202586318021	-0.0344320172543685	0.0667755335736875	-0.0389288444380604	-0.0192127133207111	-0.00317455435730388	0.188139799715145
puspY107	-0.117222217845844	0.311519630673864	-0.250091924977199	-0.0855062923178262	-0.00578894736579358	0.243223051396501	0.0378913335626736	0.0379337339100958	-0.0323014045176078	0.179473491060053	0.374697415318312	-0.0358560142458634	0.220746396589968	-0.0327803748304064	-0.0249981001247844	-0.0367591858509187	0.0229193437655114	-0.00101087051295196	0.0296781756248945	-0.0217815233435288	0.0329399827702068	-0.0336457835235565	0.0490985797793512	-0.437897650171057	-0.50202248305484	0.230177701001434	-0.0034669834439784	-0.000885488215532076	0.165194119543086
puspY117	-0.229796850561429	-0.0563473879096367	-0.0103720082354874	0.0698120856313653	-0.24140729189347	-0.232505892498446	0.0575597010307126	0.0527976802753679	-0.0481686016822433	-0.482257169528872	0.246528082565772	-0.00274145075780868	0.0520348018539517	-0.018116618400529	-0.0439628140127231	-0.0363511761010489	-0.0164487314655546	-0.703623376258082	-0.0380623667426318	-0.0498363326758298	0.0256279200925738	0.000168154046090639	0.00818277429742108	-0.00771228073879799	-0.00203864446051197	-0.0219103736068645	0.0119306095002162	-0.000366519347853176	0.13392291142207
puspY127	-0.205671409539619	0.159039863072497	-0.032369089445281	0.068647952480689	-0.243079544964494	-0.347481629128234	-0.150716495073319	-0.231214454478	-0.0868855182730322	0.325213952078707	-0.0846044555785081	-0.0870181361710214	-0.137679880998204	-0.0345753923875637	0.00952280271697661	0.0137907217646799	-0.0255311740135756	0.00533969388505159	-0.299510854027865	-0.112037451555292	-0.589295837433067	0.193792676580567	0.109000628339456	-0.00230958275085595	-0.0458630335130843	-0.00331732973853783	0.00169384252687387	0.0134109701723556	0.142179145762093
puspY129	-0.246043165554454	-0.135782757013169	-0.0718867843121952	0.0507661264910169	-0.231352586539733	0.230888472095987	-0.00241181687272783	0.0375456848396183	0.438853942920904	0.0582530570610607	-0.230606445655134	0.167823174378328	0.066542007220859	-0.0154195834907707	-0.00172662012348434	0.0206006253139992	0.0278812703572187	-0.0231831679419085	0.0931192077732649	0.0279820130348048	-0.165641726494407	-0.536427081914971	0.390419332249068	-0.0766896865355205	0.120964185994626	-0.039625289285642	0.0176880948446671	-0.00129640972520581	0.147725965458712
puspY108	-0.0473403865121991	0.338854464709012	-0.229880379517967	0.104584463475511	0.141225350891032	0.0939008951655543	0.121333408588045	0.0844992391089806	-0.0916021365354526	-0.222606725573943	-0.302723187459935	-0.022184923614239	-0.295916615458499	0.0206322889284568	0.0501968372122793	0.0304046586333838	-0.00664880874442964	0.0025590111295089	0.0949102839585554	0.065001595598162	0.168156885447697	0.377832017108011	0.55308279877849	-0.0162314256401569	0.0153612456768815	-0.0872226227087364	-0.00937637090244138	-0.00258638086765407	0.169100394350739
puspY118	-0.119348034159208	-0.181914983580892	-0.132744026947681	-0.223059878499313	0.299382108509453	-0.262689078123922	0.412965278413668	-0.0682382254647304	0.121801820873673	0.112200590735179	-0.00245096697801498	0.00481448403412658	0.0066639136979251	0.00870607427094246	0.00520931405602581	-0.0364064090494094	0.0128062308860174	0.00768486046691342	0.0355235838730617	0.022809586745136	-0.0239976021315742	-0.0185283068754507	-0.0935213620025451	-0.151991161193427	-0.177393373931724	-0.657971594504828	-0.00354044678388326	0.00679183002426526	0.152649999305945
puspY128	-0.131489163592909	-0.122228715688727	-0.128788685623433	-0.308625609267387	0.218642315292757	0.0538651966975618	-0.447380534821204	-0.195103271625908	-0.0747563884064435	-0.165074606342485	-0.0784803708726626	0.031356010261554	0.0387494339659767	0.0196543901347726	0.0210070457169462	-0.075116003149888	-0.00824374329826523	0.0314940780415344	-0.611750207472018	0.203973295588251	0.249034013468712	-0.118988990418674	0.0717140861118102	-0.0237356297842777	-0.0109615854932405	-0.0321376014028147	-0.0128950106356147	-0.00627981123254307	0.137540160884747
puspY130	0.161640416490969	-0.228009169506015	-0.27786063856294	0.0254973543410685	-0.104101416659219	-0.120712018593549	-0.0913886339476459	0.409776606152408	-0.236688646887847	0.124025902858393	-0.116448271352112	0.0436670502878708	0.130776360139866	0.01568877071269	-0.0204613534077929	0.0650494988231018	0.00617391459959127	0.000780555670569727	-0.0115199932290283	0.058311467378962	-0.0180522784837494	0.106851403189134	-0.0977666419749959	-0.52680577446918	0.446730410650882	0.013309297467123	0.0081782829181911	0.0086598277975428	0.176624358669352
puspY119	-0.234821641111055	-0.259376463257594	0.209747760225506	0.147798885600062	0.0857262896541746	0.251193934793833	0.0366832312251433	0.0733264220025392	-0.175455176735646	0.0843309169848618	0.0320678731900997	-0.370699891396627	-0.124731019131097	0.0136762719100924	0.0105742790638658	-0.0452340040568489	0.00358116917508484	0.00429365902744679	-0.00845819567704546	-0.0384844432262667	0.0199832825783969	-0.00293095323377389	0.00435447507360475	0.00399760115310685	-0.00407760600350549	0.00539851986445686	0.0264018441593609	0.707766940125524	0.191376158272558
puspY131	0.244937455155245	-0.135268482194297	-0.0352993821298387	-0.190648844119083	-0.305231877195086	0.212883207987637	0.209991942915996	-0.308410329162942	-0.204689852297751	-0.0300618822496026	0.0112272601528345	0.0930531391085117	-0.132773905528791	-0.00990140540690952	-0.00132667623958884	0.0513104942637345	0.00952939116444951	-0.0142958896645064	0.0126634093854645	0.0300331080741858	-0.0188041960896268	-0.0120406922749812	-0.00035689281711017	0.00424556199019292	0.0126109868550794	0.00268674088276371	-0.706128300097153	0.0250288122384053	0.182163521137539
