Comp.1	Comp.2	Comp.3	Comp.4	Comp.5	Comp.6	Comp.7	Comp.8	Comp.9	Comp.10	Comp.11	Comp.12	Comp.13	Comp.14	Comp.15	Comp.16	Comp.17	Comp.18	Comp.19	Comp.20	Comp.21	Comp.22	Comp.23	Comp.24	Comp.25	Comp.26	Comp.27	Comp.28	Comp.29
puspX108	0.0484041496515453	0.339129955525921	-0.225806976663099	0.110279157915129	-0.140409451899548	-0.0986709618220353	0.129028313733247	0.0894094395781386	0.0898327228638847	-0.220472011504966	-0.30940589150031	-0.0138599463783008	0.281445577348534	-0.0147659067161646	0.0452411017639694	0.0334411528030074	0.00897829772406041	-0.0104027155915644	0.0940318832025451	-0.0772762766744667	0.168701284309066	-0.375931711446137	0.555004764518025	-0.0195343240950858	0.016524128703526	-0.0892762619072312	0.00235812666945121	0.000954295379790568	0.169584763221671
puspX118	0.120559441572137	-0.184791925160755	-0.129173269594843	-0.221816380494761	-0.299764993512226	0.258837426521882	0.415863405865505	-0.0669632000288371	-0.122000923243296	0.101895871725122	0.00566766589993478	0.00700037233143235	-0.00911968288012406	-0.0111885776736491	0.000760830679060329	-0.0345213150579125	-0.00276524328712625	-0.0178765582331969	0.0340885779971764	-0.00571107900303381	-0.0172210287519105	0.0268925074679201	-0.0882615078812411	-0.150962561037467	-0.178601492333283	-0.660170495955956	0.00642444184965645	-0.00948690659275205	0.153041716373548
puspX128	0.128449117097894	-0.12363252100585	-0.126161854676991	-0.310850155962572	-0.217524240938871	-0.0555465610277641	-0.448134498734137	-0.200986555474507	0.0784629610864113	-0.163176635849112	-0.0721571921376154	0.0332123401564326	-0.03928822502735	-0.033959718609169	0.00575653170254128	-0.0551623446182256	0.0250064277362233	-0.0306902996663672	-0.613810415865543	-0.188707108670554	0.2543845351608	0.113401526431538	0.0788583187959657	-0.020542765486389	-0.0115256470364953	-0.0352991175770014	0.0130061554339099	0.00240902325023986	0.139558397624012
puspX130	-0.159466320080969	-0.229180142829031	-0.274211572175075	0.0263704851344076	0.101759426084523	0.136513364905813	-0.0961301794745837	0.406950088850747	0.235411375387229	0.125473557259619	-0.125288394534176	0.0390682270472651	-0.135768430073073	-0.0254169263986629	-0.0367943705512445	0.0626077274014882	0.0164781434909076	0.00369351990142848	-0.0197954969542464	-0.0464342300142601	-0.0270058491396418	-0.113772474491796	-0.102637303175956	-0.521081505117891	0.446026293001032	0.00831745527668862	-0.0123774964392905	-0.00836228503729406	0.178275755526542
puspY108	0.0473403865121998	0.338854464709012	-0.229880379517968	0.104584463475509	-0.141225350891033	-0.0939008951655535	0.121333408588046	0.0844992391089787	0.0916021365354464	-0.222606725573944	-0.302723187459934	-0.0221849236142393	0.2959166154585	-0.0206322889284576	0.0501968372122799	0.0304046586333836	-0.00664880874442999	0.00255901112950829	-0.0949102839585589	0.0650015955981501	-0.168156885447681	0.377832017108011	-0.553082798778497	0.0162314256401493	-0.0153612456768831	0.0872226227087425	-0.00937637090244129	-0.00258638086765442	0.16910039435074
puspY118	0.119348034159208	-0.181914983580892	-0.132744026947681	-0.223059878499316	-0.29938210850945	0.262689078123919	0.412965278413669	-0.0682382254647313	-0.121801820873671	0.112200590735182	-0.00245096697801443	0.00481448403412788	-0.00666391369792563	-0.00870607427094225	0.00520931405602336	-0.0364064090494104	0.0128062308860182	0.00768486046691152	-0.035523583873066	0.0228095867451307	0.0239976021315763	-0.018528306875454	0.0935213620025463	0.151991161193418	0.177393373931709	0.657971594504835	-0.00354044678388361	0.00679183002426357	0.152649999305945
puspY128	0.131489163592909	-0.122228715688727	-0.128788685623432	-0.30862560926739	-0.218642315292753	-0.0538651966975608	-0.447380534821202	-0.195103271625906	0.0747563884064385	-0.165074606342486	-0.0784803708726621	0.031356010261554	-0.0387494339659762	-0.0196543901347711	0.0210070457169476	-0.0751160031498894	-0.00824374329826465	0.031494078041536	0.611750207472003	0.20397329558829	-0.249034013468722	-0.11898899041867	-0.0717140861118092	0.0237356297842818	0.010961585493241	0.0321376014028185	-0.012895010635614	-0.00627981123254344	0.137540160884748
puspY130	-0.161640416490969	-0.228009169506014	-0.27786063856294	0.025497354341069	0.104101416659218	0.120712018593551	-0.0913886339476445	0.409776606152408	0.236688646887853	0.124025902858387	-0.116448271352114	0.0436670502878708	-0.130776360139867	-0.01568877071269	-0.0204613534077935	0.0650494988231007	0.00617391459959169	0.000780555670569104	0.0115199932290218	0.0583114673789636	0.0180522784837527	0.106851403189139	0.0977666419749935	0.52680577446917	-0.446730410650897	-0.0133092974671225	0.0081782829181912	0.0086598277975421	0.176624358669352
puspX6110	-0.217705364386004	-0.0251584431638684	0.100831618039423	0.271664075097966	-0.222772518100769	0.037297997910803	-0.104207045228913	-0.0700992963358937	-0.0970424436296227	-0.00468523397780778	0.100985637870185	0.18033478641419	0.0945952275173598	0.593453805074371	-0.521756728387549	-0.0625831694514891	0.0386431845380463	0.0173780618414464	0.00302489599936917	-0.0148425086149195	-6.80261620481341e-05	-0.00230442729379944	-0.00909485111294838	0.00566327907292417	-0.00194929222543692	0.00159937519039725	-0.00114238810341298	-0.00223503664071836	0.331079217036667
puspX6132	-0.255023224364294	-0.00408841333166923	0.0660061763409561	0.258246243257532	-0.126836373214368	0.0734056312600267	-0.0619317391666952	-0.160622440704953	-0.146655744590686	-0.0690142986071214	0.041852068893101	-0.0812006435982429	-0.253138126014881	0.188191700311574	0.706723207803293	0.25403493159432	0.0810167370297741	-0.0137068997965558	0.00342206264060156	-0.0243782137243384	-0.00610399558754096	0.00563544419994751	-0.000977836598357571	-0.00102519164945789	0.00730071833078673	-0.0026565316456113	-0.00194430469715123	0.003876370205544	0.327379393905276
puspX8103	-0.186617653602103	0.100179077359546	0.185516872584594	-0.272083078274759	0.117418821564804	0.0708944699078614	-0.0686894738155272	0.276814153563872	-0.164325368047958	0.0305482083995351	0.0615780640682105	-0.063755439849703	0.266567961740337	0.0446681106354949	0.207877171603891	-0.551041249676836	0.470116495268422	-0.0340667094782281	-0.0298117320541413	0.197940064265798	0.067456009686368	0.00637626430220139	0.00985220554683847	-0.00866837756311904	0.0181935174767503	-0.0190965391324417	0.008413589237483	0.000472980558762306	0.151855520149085
puspX8107	-0.222776616764254	0.0669073772230943	0.019218801617364	-0.265057484799048	0.10339249793496	0.0516726223933496	-0.10051536974512	0.145720105797205	-0.350970050443761	-0.0685559229038259	0.0817444849153791	-0.402881374838299	0.153977259930417	-0.0210074734634145	-0.102735740250543	0.217741623282603	-0.565182986156715	0.00633110300135988	-0.0639497398604085	0.293250456586074	0.0747629960468609	0.0175893779316002	0.0474319584991009	-0.0211107396803958	0.0310855364939567	-0.0148934222089251	0.0182726214881138	0.0101203437154407	0.178335386472993
puspX8111	-0.178085873542731	0.218364900480153	0.22308885863438	-0.204526685953832	0.0805686085476035	0.0519156999797357	0.0639943390111781	-0.00414046958138862	-0.0653801362741794	-0.0711475203515783	-0.292087870855386	-0.298657474743306	-0.385480733985779	-0.0954625050787754	-0.211171371062536	-0.125855300584466	0.0316108675624893	0.0281594815029378	0.10707843142258	-0.574751395591959	-0.149505756650836	-0.0303347738374901	-0.0625202586317984	0.0344320172543656	-0.066775533573691	0.0389288444380575	-0.019212713320711	-0.0031745543573033	0.188139799715146
puspX107	0.117053334239963	0.30890509472859	-0.252931711513188	-0.0763252629147875	-0.0028961437644024	-0.243843077385827	0.0347197341353205	0.0428805964585098	0.0366276162299103	0.17723702837692	0.377771689799831	-0.0395465718131787	-0.228584946921739	0.0387687632500895	-0.0201087181705043	-0.0397942525518785	0.0300863836095635	-0.00295615898454381	0.0256181071774127	0.0469096475104806	0.0325900598474869	0.0348621245346714	0.0497972588257269	-0.443450749663104	-0.490693500700304	0.228635898888338	0.0115973341255948	0.00323560329903368	0.165578255964325
puspX117	0.228179089479868	-0.0562143277853161	-0.0239181047474622	0.074986845017599	0.244068737077264	0.230580848135087	0.0683141477752833	0.0453166071602659	0.0366041599178022	-0.484327140846874	0.241194998381653	-0.00631946686865523	-0.0545987334219619	0.00338039159328088	-0.0113958938748487	-0.0608042814203264	0.024360667862691	0.705256870207302	-0.0319605048348435	-0.00371304757915335	0.0180499787435074	-0.0208609029404806	-0.00635333863092568	0.00189824719356487	-0.00883722205810457	-0.00895182350665133	-0.00915336417071897	-0.00123805402927507	0.134573853998734
puspX127	0.205266244665826	0.158858030102039	-0.0271252523412215	0.0731732338826104	0.240790738624512	0.347327526004249	-0.147216879157738	-0.237847710306079	0.0783194678142887	0.324318229766887	-0.0852122057891357	-0.0900461352959338	0.147511008675274	0.041093196729958	0.0171647141997694	-0.0124779334382828	-0.0142212844488181	-0.00248571099041342	-0.293948719271772	0.0913227513089584	-0.591104388820618	-0.193841644382226	0.114254902241258	-0.000320729725961614	-0.0595697143610939	-0.0104253156416811	-0.00315372156314912	-0.00649858579850558	0.142821235442139
puspX129	0.243128863129303	-0.140076979039504	-0.0762659226677556	0.057045837898847	0.243102045917018	-0.222604233509931	-0.00633706659689463	0.0400558065576573	-0.435075905563794	0.0418190735409415	-0.227316016308124	0.17203066897915	-0.072119766500272	0.0133429737091562	-0.0155869553145493	-0.00227009283492293	0.0482184245970059	0.0111770521671582	0.0907789983645326	-0.0219505232026568	-0.163542672938024	0.5431855410119	0.382369091977654	-0.0806662107804936	0.118907461721169	-0.0382863076524404	-0.0171686033937593	-0.00220903377329438	0.14959558563979
puspY107	0.117222217845844	0.311519630673864	-0.250091924977199	-0.0855062923178261	0.00578894736579451	-0.243223051396502	0.0378913335626721	0.037933733910096	0.0323014045176132	0.179473491060053	0.374697415318312	-0.0358560142458637	-0.220746396589969	0.032780374830406	-0.0249981001247843	-0.036759185850918	0.0229193437655113	-0.0010108705129525	-0.0296781756248953	-0.0217815233435319	-0.0329399827702047	-0.0336457835235524	-0.0490985797793552	0.437897650171074	0.502022483054831	-0.230177701001414	-0.00346698344397657	-0.000885488215532557	0.165194119543086
puspY117	0.229796850561429	-0.0563473879096372	-0.0103720082354874	0.069812085631367	0.24140729189347	0.232505892498447	0.0575597010307154	0.0527976802753657	0.0481686016822287	-0.482257169528874	0.246528082565771	-0.00274145075780923	-0.0520348018539526	0.0181166184005291	-0.0439628140127213	-0.0363511761010503	-0.0164487314655515	-0.703623376258081	0.0380623667426357	-0.0498363326758274	-0.0256279200925747	0.000168154046088108	-0.00818277429742223	0.00771228073879696	0.00203864446051035	0.0219103736068632	0.0119306095002169	-0.000366519347853579	0.13392291142207
puspY127	0.20567140953962	0.159039863072497	-0.032369089445282	0.0686479524806891	0.243079544964494	0.347481629128235	-0.150716495073319	-0.231214454477999	0.0868855182730408	0.325213952078706	-0.0846044555785085	-0.0870181361710216	0.137679880998202	0.0345753923875634	0.00952280271697588	0.013790721764678	-0.025531174013575	0.00533969388505033	0.299510854027879	-0.112037451555273	0.58929583743307	0.193792676580561	-0.10900062833945	0.00230958275085303	0.0458630335130839	0.00331732973853972	0.00169384252687467	0.0134109701723563	0.142179145762093
puspY129	0.246043165554453	-0.13578275701317	-0.0718867843121955	0.0507661264910196	0.231352586539732	-0.230888472095987	-0.00241181687273085	0.0375456848396214	-0.438853942920902	0.0582530570610672	-0.230606445655133	0.167823174378329	-0.0665420072208592	0.0154195834907715	-0.0017266201234823	0.0206006253139998	0.0278812703572187	-0.0231831679419048	-0.0931192077732617	0.027982013034795	0.1656417264944	-0.536427081914973	-0.390419332249061	0.0766896865355162	-0.12096418599463	0.03962528928564	0.0176880948446659	-0.00129640972520646	0.147725965458713
puspX119	0.235438847289191	-0.254500274227308	0.2134166226942	0.149061753031546	-0.0833081838801183	-0.247936200833355	0.0342417615160681	0.0775688622318319	0.175586804642057	0.0900791318977626	0.0339811211412303	-0.377015953092648	0.123541339304209	-0.00862942642025166	0.0199432551534267	-0.0489992473120936	-0.0148922961191671	0.00229777212900544	0.00627540366862243	-0.0330774221308018	0.00565443616333949	0.00351974349338732	0.00169878255295985	0.00887344354365616	-0.00422038535795058	0.00942645361976557	-0.0283941656769819	-0.704728083217963	0.192386685142547
puspX131	-0.246301727488867	-0.136072092533185	-0.0347227388078929	-0.186537420149653	0.302375680542259	-0.211888939470673	0.207845351511662	-0.307655173803544	0.209530771035788	-0.029474008944922	0.00429499553662833	0.0988749930953419	0.139047079364387	0.00532215257095274	-0.00181934405801852	0.0620610970603227	0.0238679867527205	0.011209870403281	0.0173330847459495	-0.0107597550003125	-0.0175195839183098	0.00845975424423361	0.000821762823631736	-0.00784566800376985	0.0136619752003645	0.00595811186859893	0.704765343182674	-0.0308717318248086	0.182847022188244
puspY119	0.234821641111055	-0.259376463257595	0.209747760225505	0.147798885600063	-0.0857262896541768	-0.251193934793832	0.0366832312251419	0.0733264220025383	0.175455176735648	0.0843309169848596	0.032067873190099	-0.370699891396628	0.124731019131097	-0.0136762719100952	0.0105742790638655	-0.0452340040568504	0.0035811691750841	0.00429365902744569	0.00845819567704729	-0.0384844432262648	-0.0199832825783973	-0.00293095323377412	-0.00435447507360474	-0.0039976011531053	0.00407760600350583	-0.00539851986445508	0.0264018441593657	0.707766940125523	0.191376158272558
puspY131	-0.244937455155245	-0.135268482194297	-0.0352993821298376	-0.190648844119079	0.305231877195088	-0.212883207987639	0.209991942915995	-0.308410329162943	0.204689852297749	-0.0300618822496045	0.0112272601528358	0.0930531391085106	0.132773905528791	0.00990140540690865	-0.00132667623958923	0.0513104942637344	0.00952939116445072	-0.0142958896645073	-0.012663409385465	0.0300331080741858	0.0188041960896272	-0.0120406922749811	0.000356892817110419	-0.00424556199019231	-0.0126109868550778	-0.00268674088276433	-0.706128300097153	0.0250288122384119	0.182163521137539
puspX6109	-0.193727706916096	-0.00583624835388485	0.0610498418634315	0.324631410784304	-0.136609309774585	0.039941040335736	-0.0927808887195581	-0.10564909682706	-0.122276111161617	0.0529644889144678	0.192809844081846	0.221567587393695	0.0832908437906886	-0.748505378935342	-0.126758210585319	-0.136456477458869	-0.0537815629538301	-0.00475707643860055	0.00963209167255739	-0.0128354573307084	-0.00376638462539309	-0.00638900548246111	-0.00103090388382552	0.00545598672925034	-0.00654894132943646	0.00474410698717046	-0.00302698696879694	-0.00267140626126996	0.322560262412368
puspX8104	0.134298599102475	0.0848420364686903	0.327644746642174	-0.162521525290217	-0.0210164006072838	-0.0288364754380867	0.0163009926691044	0.233092956789093	0.156282248983227	0.0939890127419833	0.0397617395924581	0.486502318695814	0.0904599632298253	0.12660839539665	0.279299835907528	-0.185816254798908	-0.54435791086611	0.0261065575276166	0.0262402239290857	-0.232994391788092	-0.053672792496673	-0.00559304468283411	-0.0131682870983126	0.00152122238458	-0.0168017915231262	0.0194574047395178	-0.00354482173205167	0.00827832642085185	0.145072332903693
puspX8108	0.130904309030191	0.10029716154782	0.297992597466008	-0.267041380689436	-0.0415131660592699	0.0395628919043901	-0.0686851641951282	0.215102722720674	-0.0165851429153383	0.038986172451943	0.145099024249934	0.164876777388384	0.206054162684313	-0.101287099745941	-0.093274089767972	0.685514661982146	0.377277753226094	0.0159451693738203	0.036676161245996	-0.114169973577786	-0.0498234261060828	-0.00487119592368195	-0.011806676616645	0.00560300058407209	-0.016457625476459	0.0082038343055157	-0.0154056479880986	-0.00714500121555093	0.129466119957811
puspX8112	0.111159235900569	0.178336866291627	0.382153438500897	-0.0161872233653896	-0.023699385872871	0.0146576638536345	0.120446662444097	-0.0325247138364416	0.237850471858066	-0.0370094309806661	-0.284177237539662	0.108366111449917	-0.442434747728579	-0.0664556357196275	-0.126871508813556	0.0227421243774004	0.0223714477811173	-0.0241454344305346	-0.109566927561516	0.59307695309721	0.147039864444856	0.0333784054748528	0.0532562659643981	-0.0243156085562625	0.0571121100744681	-0.0378465753327468	0.0212484294142287	0.00314045449871932	0.172705363855591
